flesch-kincaid_score,index_value
62.01,1
72.16,10
56.59,100
43.06,1000
54.56,1001
65.05,1002
49.15,1003
47.12,1004
52.19,1005
47.12,1006
70.13,1007
57.61,1008
41.03,1009
71.14,101
62.68,1010
54.56,1011
63.02,1012
52.53,1013
54.22,1014
71.14,1015
50.16,1016
45.09,1017
50.5,1018
75.54,1019
53.21,102
41.03,1020
58.62,1021
49.49,1022
43.06,1023
59.64,1024
47.12,1025
58.62,1026
61.67,1027
65.05,1028
49.15,1029
54.22,103
60.65,1030
49.15,1031
36.28,1032
66.07,1033
54.56,1034
52.53,1035
51.18,1036
48.13,1037
69.11,1038
51.52,1039
,104
51.52,1040
59.64,1041
72.16,1042
56.59,1043
59.64,1044
49.15,1045
59.64,1046
61.67,1047
49.15,1048
65.73,1049
51.52,105
53.21,1050
53.21,1051
50.16,1052
58.62,1053
51.18,1054
60.65,1055
58.62,1056
50.16,1057
66.07,1058
62.68,1059
74.19,106
55.24,1060
49.15,1061
49.15,1062
53.21,1063
50.16,1064
47.12,1065
62.68,1066
39.67,1067
44.75,1068
62.34,1069
49.15,107
85.69,1070
71.82,1071
82.31,1072
55.58,1073
72.83,1074
85.69,1075
70.8,1076
61.67,1077
47.12,1078
87.72,1079
80.62,108
66.74,1080
42.38,1081
85.69,1082
79.26,1083
69.11,1084
68.77,1085
65.73,1086
61.67,1087
51.85,1088
85.69,1089
52.19,109
87.72,1090
98.21,1091
55.58,1092
53.88,1093
85.69,1094
71.82,1095
68.77,1096
52.19,1097
79.26,1098
85.69,1099
58.62,11
55.24,110
71.82,1100
88.74,1101
57.61,1102
51.85,1103
85.69,1104
79.26,1105
70.13,1106
107.69,1107
52.19,1108
62.34,1109
61.67,111
85.69,1110
79.26,1111
60.65,1112
60.31,1113
67.76,1114
48.13,1115
61.33,1116
85.69,1117
71.82,1118
88.74,1119
35.95,112
60.65,1120
62.34,1121
85.69,1122
79.26,1123
68.77,1124
60.65,1125
70.8,1126
85.69,1127
80.28,1128
81.29,1129
61.67,113
53.55,1130
52.87,1131
85.69,1132
80.28,1133
64.04,1134
107.69,1135
49.15,1136
54.9,1137
85.69,1138
80.28,1139
81.63,114
65.05,1140
61.67,1141
68.77,1142
63.7,1143
71.82,1144
85.69,1145
80.28,1146
67.76,1147
62.68,1148
49.82,1149
67.76,115
85.69,1150
70.8,1151
80.28,1152
38.66,1153
45.42,1154
85.69,1155
87.72,1156
107.69,1157
63.7,1158
63.02,1159
60.65,116
70.8,1160
62.68,1161
85.69,1162
70.8,1163
90.77,1164
54.22,1165
68.77,1166
85.69,1167
55.58,1168
80.28,1169
46.1,117
58.62,1170
65.05,1171
78.25,1172
65.73,1173
45.42,1174
85.69,1175
46.1,1176
78.25,1177
67.76,1178
55.24,1179
55.24,118
79.26,1180
85.69,1181
40.69,1182
79.26,1183
80.28,1184
50.16,1185
61.33,1186
85.69,1187
56.59,1188
79.26,1189
59.64,119
89.75,1190
51.18,1191
70.8,1192
85.69,1193
53.21,1194
90.77,1195
52.19,1196
60.65,1197
48.47,1198
67.76,1199
60.65,12
53.55,120
62.34,1200
57.27,1201
64.71,1202
56.93,1203
40.01,1204
62.68,1205
48.47,1206
61.67,1207
48.47,1208
74.19,1209
63.7,121
56.93,1210
63.7,1211
56.93,1212
64.71,1213
56.93,1214
75.2,1215
56.93,1216
74.19,1217
56.93,1218
56.93,1219
61.67,122
74.19,1220
66.74,1221
56.93,1222
65.73,1223
40.01,1224
64.71,1225
48.47,1226
54.22,1227
48.47,1228
56.93,1229
54.22,123
73.17,1230
63.7,1231
61.33,1232
55.24,1233
40.01,1234
62.68,1235
56.93,1236
72.16,1237
72.83,1238
71.14,1239
,124
48.47,1240
47.46,1241
55.24,1242
57.61,1243
51.18,1244
50.16,1245
60.65,1246
57.61,1247
58.62,1248
72.16,1249
66.74,125
72.16,1250
53.21,1251
59.64,1252
60.65,1253
57.61,1254
59.64,1255
59.64,1256
51.18,1257
50.16,1258
40.01,1259
61.67,126
65.73,1260
58.62,1261
56.59,1262
57.61,1263
53.55,1264
58.62,1265
50.16,1266
40.01,1267
54.56,1268
53.21,1269
67.76,127
47.12,1270
63.7,1271
63.7,1272
55.58,1273
49.15,1274
59.64,1275
56.59,1276
52.19,1277
48.13,1278
59.64,1279
51.18,128
68.1,1280
54.56,1281
49.15,1282
53.21,1283
57.61,1284
57.61,1285
48.47,1286
45.09,1287
54.22,1288
57.61,1289
66.07,129
46.1,1290
53.55,1291
57.27,1292
52.19,1293
51.18,1294
56.59,1295
61.67,1296
53.21,1297
53.21,1298
56.59,1299
74.19,13
65.05,130
59.64,1300
49.15,1301
48.13,1302
58.62,1303
54.22,1304
53.21,1305
67.08,1306
59.64,1307
47.12,1308
53.21,1309
57.27,131
58.62,1310
52.19,1311
53.21,1312
57.61,1313
55.58,1314
62.68,1315
51.52,1316
59.64,1317
44.07,1318
64.71,1319
47.12,132
38.66,1320
58.62,1321
54.22,1322
65.73,1323
55.24,1324
51.18,1325
54.22,1326
66.74,1327
54.22,1328
52.19,1329
68.1,133
55.24,1330
57.61,1331
54.22,1332
38.66,1333
66.74,1334
66.74,1335
71.14,1336
64.71,1337
75.2,1338
74.19,1339
77.23,134
64.71,1340
64.71,1341
63.7,1342
65.73,1343
66.74,1344
74.19,1345
46.1,1346
50.16,1347
62.68,1348
57.95,1349
71.14,135
50.84,1350
66.74,1351
59.64,1352
74.19,1353
57.61,1354
58.62,1355
49.15,1356
59.64,1357
69.11,1358
60.65,1359
24.11,136
53.55,1360
58.62,1361
50.16,1362
60.65,1363
59.64,1364
65.73,1365
71.14,1366
41.7,1367
56.59,1368
42.04,1369
63.7,137
57.61,1370
49.15,1371
65.73,1372
68.77,1373
70.13,1374
61.67,1375
41.03,1376
67.08,1377
61.67,1378
62.68,1379
60.65,138
49.15,1380
63.7,1381
59.64,1382
59.64,1383
52.19,1384
75.2,1385
56.59,1386
69.11,1387
32.22,1388
41.7,1389
70.13,139
40.69,1390
55.24,1391
60.31,1392
71.14,1393
61.67,1394
52.19,1395
63.7,1396
76.56,1397
66.07,1398
64.04,1399
63.7,14
49.15,140
71.14,1400
75.2,1401
53.21,1402
64.04,1403
72.16,1404
51.18,1405
56.59,1406
50.16,1407
69.11,1408
78.59,1409
62.68,141
86.71,1410
71.14,1411
56.25,1412
82.65,1413
70.13,1414
65.73,1415
62.68,1416
60.65,1417
65.73,1418
67.42,1419
28.51,142
53.55,1420
72.16,1421
81.63,1422
65.05,1423
73.17,1424
57.61,1425
70.13,1426
64.71,1427
62.68,1428
63.7,1429
65.73,143
82.65,1430
78.59,1431
70.13,1432
67.08,1433
73.17,1434
65.05,1435
74.19,1436
66.74,1437
74.19,1438
65.73,1439
62.01,144
73.17,1440
75.2,1441
64.71,1442
62.68,1443
54.22,1444
62.68,1445
56.59,1446
53.21,1447
63.7,1448
59.64,1449
65.73,145
59.64,1450
64.71,1451
53.21,1452
53.21,1453
53.21,1454
63.7,1455
76.22,1456
51.52,1457
55.58,1458
77.57,1459
40.01,146
62.68,1460
75.2,1461
73.17,1462
74.19,1463
82.65,1464
82.65,1465
78.59,1466
73.17,1467
64.71,1468
70.13,1469
60.65,147
77.57,1470
65.05,1471
81.63,1472
76.22,1473
71.14,1474
86.71,1475
53.21,1476
68.1,1477
70.13,1478
84.68,1479
69.11,148
72.16,1480
72.16,1481
74.53,1482
71.14,1483
70.13,1484
73.17,1485
74.19,1486
70.13,1487
66.07,1488
60.65,1489
,149
53.21,1490
71.14,1491
73.17,1492
82.65,1493
61.67,1494
74.53,1495
71.14,1496
71.14,1497
75.2,1498
52.19,1499
68.1,15
92.12,150
68.1,1500
74.19,1501
78.59,1502
77.57,1503
68.1,1504
72.16,1505
49.15,1506
54.22,1507
56.25,1508
64.71,1509
55.58,151
62.68,1510
58.28,1511
59.64,1512
71.14,1513
84.68,1514
55.24,1515
55.24,1516
76.22,1517
64.71,1518
64.71,1519
60.65,152
52.19,1520
58.62,1521
61.67,1522
,1523
64.71,1524
75.2,1525
57.27,1526
47.12,1527
58.62,1528
39.67,1529
60.65,153
42.72,1530
61.67,1531
66.74,1532
61.67,1533
53.21,1534
51.18,1535
59.64,1536
49.15,1537
50.16,1538
43.73,1539
51.18,154
47.12,1540
56.25,1541
63.7,1542
40.69,1543
41.7,1544
37.3,1545
41.7,1546
61.67,1547
62.68,1548
63.7,1549
74.19,155
45.09,1550
50.16,1551
43.73,1552
48.13,1553
71.14,1554
61.67,1555
53.55,1556
47.12,1557
71.14,1558
79.6,1559
59.64,156
63.7,1560
48.13,1561
56.59,1562
55.24,1563
58.62,1564
61.67,1565
57.61,1566
61.67,1567
71.14,1568
60.65,1569
66.07,157
61.67,1570
60.65,1571
45.09,1572
72.16,1573
72.16,1574
62.68,1575
60.65,1576
60.65,1577
49.15,1578
56.25,1579
72.16,158
62.68,1580
82.65,1581
63.7,1582
63.7,1583
61.67,1584
61.67,1585
61.67,1586
66.74,1587
63.7,1588
74.19,1589
58.62,159
53.21,1590
71.14,1591
56.59,1592
62.68,1593
71.14,1594
59.64,1595
61.67,1596
61.67,1597
55.24,1598
61.67,1599
72.16,16
54.56,160
53.55,1600
56.59,1601
71.14,1602
43.73,1603
56.59,1604
65.73,1605
47.12,1606
63.7,1607
67.76,1608
61.67,1609
66.07,161
46.78,1610
48.13,1611
62.68,1612
72.16,1613
37.64,1614
46.78,1615
62.68,1616
52.19,1617
72.16,1618
58.28,1619
65.05,162
57.27,1620
59.64,1621
56.25,1622
53.21,1623
66.74,1624
57.27,1625
46.78,1626
64.71,1627
63.7,1628
32.57,1629
46.1,163
61.67,1630
43.73,1631
56.25,1632
48.81,1633
55.24,1634
52.19,1635
64.71,1636
69.11,1637
71.14,1638
64.71,1639
44.75,164
38.66,1640
56.25,1641
56.59,1642
39.67,1643
42.72,1644
36.63,1645
51.18,1646
74.19,1647
53.21,1648
35.61,1649
62.68,165
44.75,1650
74.19,1651
50.16,1652
75.2,1653
66.07,1654
59.64,1655
52.19,1656
47.46,1657
74.19,1658
,1659
54.56,166
56.59,1660
61.67,1661
50.16,1662
50.16,1663
62.68,1664
58.62,1665
45.09,1666
47.12,1667
54.22,1668
57.61,1669
46.1,167
80.62,1670
54.56,1671
54.56,1672
40.01,1673
55.58,1674
75.2,1675
43.06,1676
61.67,1677
47.12,1678
74.19,1679
84.68,168
54.22,1680
44.75,1681
53.21,1682
59.64,1683
61.67,1684
72.16,1685
54.22,1686
50.16,1687
69.11,1688
46.1,1689
62.01,169
57.61,1690
59.98,1691
39.33,1692
63.7,1693
71.14,1694
58.62,1695
52.19,1696
62.68,1697
58.62,1698
57.27,1699
75.2,17
74.19,170
31.21,1700
71.14,1701
70.13,1702
69.79,1703
54.22,1704
58.62,1705
62.68,1706
48.47,1707
68.1,1708
66.07,1709
68.1,171
42.72,1710
63.7,1711
61.67,1712
73.17,1713
64.04,1714
55.58,1715
69.79,1716
50.5,1717
62.68,1718
52.19,1719
64.71,172
71.14,1720
54.56,1721
72.16,1722
60.65,1723
61.67,1724
62.68,1725
51.18,1726
27.83,1727
66.07,1728
58.28,1729
58.62,173
57.95,1730
39.0,1731
73.17,1732
60.65,1733
62.68,1734
55.24,1735
72.16,1736
75.2,1737
57.61,1738
39.0,1739
44.07,174
55.58,1740
14.63,1741
40.01,1742
65.73,1743
60.65,1744
59.64,1745
57.61,1746
60.65,1747
69.11,1748
73.17,1749
59.64,175
47.12,1750
31.89,1751
66.74,1752
76.56,1753
57.61,1754
69.11,1755
42.72,1756
59.64,1757
58.62,1758
68.1,1759
53.55,176
42.72,1760
61.67,1761
58.62,1762
55.24,1763
73.17,1764
62.01,1765
49.15,1766
52.53,1767
64.71,1768
56.59,1769
76.56,177
52.53,1770
63.7,1771
53.55,1772
57.61,1773
51.18,1774
52.19,1775
76.22,1776
57.61,1777
48.81,1778
55.24,1779
51.86,178
56.59,1780
63.7,1781
59.64,1782
58.62,1783
63.7,1784
62.68,1785
58.62,1786
62.68,1787
52.19,1788
58.62,1789
68.1,179
60.65,1790
58.62,1791
52.53,1792
57.61,1793
57.61,1794
56.59,1795
65.73,1796
57.61,1797
63.7,1798
53.55,1799
59.64,18
74.19,180
59.64,1800
64.71,1801
49.15,1802
69.11,1803
52.19,1804
66.07,1805
54.22,1806
80.62,1807
82.65,1808
49.15,1809
53.21,181
64.71,1810
60.65,1811
65.73,1812
54.22,1813
49.15,1814
57.61,1815
51.18,1816
50.16,1817
72.16,1818
65.05,1819
64.71,182
48.13,1820
40.69,1821
52.19,1822
44.75,1823
52.19,1824
61.67,1825
61.67,1826
60.65,1827
61.67,1828
63.7,1829
,183
51.18,1830
53.21,1831
56.59,1832
63.7,1833
51.18,1834
82.65,1835
58.62,1836
66.74,1837
46.78,1838
50.16,1839
50.16,184
53.21,1840
54.56,1841
45.76,1842
62.68,1843
64.71,1844
61.67,1845
51.18,1846
67.76,1847
54.22,1848
63.7,1849
58.62,185
59.3,1850
75.2,1851
59.64,1852
62.68,1853
41.7,1854
51.18,1855
63.7,1856
55.24,1857
64.71,1858
56.25,1859
81.63,186
65.73,1860
66.07,1861
59.64,1862
56.25,1863
59.64,1864
62.68,1865
66.74,1866
72.16,1867
52.19,1868
64.71,1869
46.1,187
69.11,1870
69.11,1871
67.08,1872
65.05,1873
62.68,1874
51.18,1875
56.59,1876
60.65,1877
55.58,1878
56.59,1879
59.64,188
63.7,1880
55.24,1881
54.56,1882
60.65,1883
62.68,1884
28.84,1885
59.64,1886
58.62,1887
74.53,1888
51.18,1889
56.59,189
51.18,1890
47.12,1891
61.67,1892
47.12,1893
40.69,1894
57.61,1895
68.1,1896
68.1,1897
69.11,1898
43.73,1899
64.04,19
68.1,190
61.67,1900
62.68,1901
42.04,1902
75.54,1903
36.28,1904
60.65,1905
66.07,1906
63.7,1907
66.74,1908
54.22,1909
68.1,191
54.56,1910
72.16,1911
71.14,1912
58.62,1913
80.62,1914
72.16,1915
70.13,1916
53.21,1917
65.05,1918
53.55,1919
61.67,192
68.1,1920
42.72,1921
67.08,1922
62.68,1923
65.05,1924
52.19,1925
70.13,1926
59.64,1927
62.68,1928
59.64,1929
62.68,193
61.67,1930
69.11,1931
52.53,1932
35.27,1933
58.62,1934
72.16,1935
56.59,1936
56.25,1937
63.02,1938
69.11,1939
64.71,194
41.7,1940
51.52,1941
80.62,1942
68.1,1943
87.05,1944
90.09,1945
76.22,1946
53.55,1947
63.02,1948
58.62,1949
69.11,195
76.22,1950
84.68,1951
64.04,1952
70.13,1953
71.14,1954
66.07,1955
73.17,1956
69.11,1957
79.6,1958
73.17,1959
72.16,196
66.74,1960
42.72,1961
66.74,1962
58.62,1963
65.73,1964
60.65,1965
63.7,1966
67.08,1967
51.18,1968
52.19,1969
54.22,197
47.12,1970
62.68,1971
57.61,1972
62.01,1973
47.12,1974
62.68,1975
56.25,1976
76.22,1977
52.19,1978
58.28,1979
70.13,198
60.65,1980
50.16,1981
42.72,1982
54.22,1983
56.25,1984
56.25,1985
47.79,1986
53.21,1987
72.16,1988
79.6,1989
,199
49.15,1990
56.59,1991
52.19,1992
66.74,1993
45.76,1994
51.18,1995
53.21,1996
60.65,1997
40.69,1998
74.19,1999
62.01,2
74.19,20
61.67,200
71.14,2000
67.08,2001
67.76,2002
55.58,2003
54.22,2004
59.64,2005
59.64,2006
59.64,2007
64.71,2008
60.65,2009
38.66,201
67.76,2010
60.65,2011
70.13,2012
74.19,2013
71.14,2014
73.17,2015
64.71,2016
74.19,2017
55.24,2018
63.7,2019
63.7,202
71.14,2020
70.13,2021
46.1,2022
64.71,2023
70.47,2024
72.16,2025
62.68,2026
63.7,2027
62.68,2028
,2029
57.61,203
66.74,2030
61.67,2031
64.71,2032
58.62,2033
52.19,2034
72.16,2035
47.12,2036
,2037
64.71,2038
75.2,2039
69.11,204
76.22,2040
56.25,2041
65.73,2042
67.76,2043
43.73,2044
55.24,2045
63.7,2046
54.22,2047
51.18,2048
26.81,2049
50.16,205
40.69,2050
32.22,2051
47.12,2052
50.16,2053
44.07,2054
61.67,2055
63.7,2056
53.21,2057
85.69,2058
62.68,2059
74.19,206
70.13,2060
59.64,2061
69.11,2062
69.11,2063
54.56,2064
56.59,2065
70.13,2066
108.7,2067
65.73,2068
61.67,2069
72.16,207
62.68,2070
37.98,2071
80.62,2072
68.1,2073
71.14,2074
74.19,2075
62.68,2076
80.62,2077
63.7,2078
52.19,2079
61.67,208
52.19,2080
71.14,2081
57.61,2082
74.19,2083
72.16,2084
73.17,2085
61.67,2086
69.11,2087
55.24,2088
66.07,2089
95.17,209
65.73,2090
73.17,2091
40.01,2092
58.62,2093
52.19,2094
58.28,2095
54.9,2096
30.2,2097
40.69,2098
59.3,2099
62.68,21
63.7,210
60.65,2100
59.64,2101
56.25,2102
36.63,2103
56.25,2104
37.64,2105
69.79,2106
49.15,2107
62.68,2108
62.68,2109
74.19,211
72.16,2110
40.69,2111
46.1,2112
56.59,2113
73.17,2114
45.76,2115
52.19,2116
51.18,2117
33.58,2118
47.12,2119
72.16,212
60.65,2120
51.18,2121
54.22,2122
48.13,2123
37.64,2124
43.06,2125
75.2,2126
73.17,2127
68.77,2128
73.17,2129
95.17,213
76.22,2130
52.19,2131
46.1,2132
55.24,2133
51.18,2134
53.21,2135
60.65,2136
40.01,2137
66.07,2138
51.18,2139
67.08,214
40.69,2140
59.64,2141
53.21,2142
59.64,2143
59.64,2144
71.14,2145
61.67,2146
66.07,2147
49.15,2148
73.17,2149
62.01,215
67.76,2150
62.68,2151
56.25,2152
76.22,2153
52.53,2154
70.13,2155
63.7,2156
76.22,2157
63.7,2158
63.7,2159
95.17,216
57.27,2160
56.25,2161
65.73,2162
61.67,2163
54.22,2164
45.09,2165
60.65,2166
51.18,2167
64.71,2168
54.22,2169
72.5,217
46.1,2170
50.16,2171
83.66,2172
61.67,2173
54.22,2174
61.67,2175
57.27,2176
58.62,2177
58.28,2178
60.65,2179
65.05,218
70.13,2180
49.15,2181
78.25,2182
58.62,2183
,2184
47.46,2185
55.24,2186
57.61,2187
51.18,2188
50.16,2189
95.17,219
60.65,2190
57.61,2191
58.62,2192
54.56,2193
72.16,2194
53.21,2195
59.64,2196
73.17,2197
82.65,2198
45.09,2199
65.05,22
61.67,220
60.65,2200
75.2,2201
-49.97,2202
51.18,2203
62.68,2204
51.18,2205
67.76,2206
72.16,2207
64.71,2208
63.7,2209
71.14,221
41.7,2210
54.22,2211
46.78,2212
48.13,2213
59.64,2214
43.73,2215
54.22,2216
50.16,2217
43.06,2218
42.72,2219
70.13,222
62.68,2220
43.73,2221
71.82,2222
55.24,2223
57.27,2224
66.74,2225
81.63,2226
70.13,2227
77.57,2228
72.16,2229
70.13,223
64.71,2230
65.73,2231
72.16,2232
68.1,2233
60.65,2234
62.68,2235
71.14,2236
56.59,2237
80.28,2238
75.2,2239
74.53,224
75.2,2240
40.69,2241
59.3,2242
72.16,2243
58.62,2244
61.67,2245
61.67,2246
46.1,2247
75.2,2248
57.27,2249
51.18,225
51.18,2250
62.68,2251
68.1,2252
46.1,2253
51.18,2254
78.25,2255
53.21,2256
50.16,2257
47.79,2258
57.61,2259
74.19,226
57.27,2260
51.18,2261
34.26,2262
53.21,2263
44.75,2264
75.2,2265
39.67,2266
59.64,2267
50.16,2268
55.24,2269
95.17,227
26.48,2270
51.18,2271
49.15,2272
49.15,2273
51.18,2274
59.64,2275
49.15,2276
52.19,2277
55.24,2278
56.25,2279
71.48,228
55.24,2280
58.28,2281
35.61,2282
52.19,2283
39.67,2284
33.92,2285
50.16,2286
58.62,2287
53.21,2288
56.25,2289
63.7,229
59.64,2290
64.71,2291
53.21,2292
72.16,2293
70.13,2294
51.18,2295
65.05,2296
55.24,2297
77.23,2298
62.68,2299
61.67,23
52.19,230
58.62,2300
48.13,2301
41.7,2302
52.19,2303
64.71,2304
61.67,2305
60.65,2306
61.67,2307
54.22,2308
59.64,2309
42.72,231
41.7,2310
75.2,2311
61.67,2312
74.19,2313
,2314
71.82,2315
58.62,2316
53.21,2317
75.2,2318
68.1,2319
46.78,232
67.76,2320
68.1,2321
71.83,2322
73.17,2323
60.65,2324
60.65,2325
54.56,2326
50.16,2327
52.19,2328
56.25,2329
61.67,233
35.61,2330
54.22,2331
43.73,2332
41.7,2333
57.27,2334
59.64,2335
45.09,2336
41.7,2337
65.73,2338
43.73,2339
54.22,234
59.3,2340
92.12,2341
72.16,2342
70.13,2343
67.08,2344
62.68,2345
65.73,2346
57.61,2347
74.19,2348
62.68,2349
61.67,235
83.66,2350
62.68,2351
56.59,2352
64.71,2353
79.6,2354
81.63,2355
55.92,2356
61.67,2357
64.71,2358
75.2,2359
38.66,236
47.12,2360
67.08,2361
56.59,2362
63.7,2363
66.07,2364
58.28,2365
59.64,2366
57.61,2367
72.16,2368
59.64,2369
46.78,237
41.7,2370
52.19,2371
52.53,2372
54.22,2373
44.75,2374
52.19,2375
55.24,2376
50.16,2377
60.65,2378
60.65,2379
40.69,238
50.16,2380
38.66,2381
51.18,2382
35.61,2383
61.67,2384
53.21,2385
44.75,2386
45.09,2387
52.19,2388
46.1,2389
43.73,239
74.19,2390
58.28,2391
43.73,2392
43.73,2393
53.21,2394
39.67,2395
32.57,2396
49.15,2397
41.03,2398
54.22,2399
56.59,24
50.16,240
61.67,2400
73.17,2401
66.74,2402
74.19,2403
68.77,2404
65.05,2405
54.22,2406
61.67,2407
55.24,2408
52.19,2409
37.64,241
73.17,2410
65.73,2411
77.23,2412
66.07,2413
65.73,2414
73.17,2415
75.2,2416
68.1,2417
59.64,2418
61.67,2419
57.27,242
59.64,2420
64.04,2421
57.61,2422
61.67,2423
61.67,2424
37.64,2425
58.62,2426
62.34,2427
46.78,2428
69.11,2429
55.58,243
78.25,2430
53.55,2431
47.79,2432
56.59,2433
57.61,2434
47.12,2435
59.64,2436
74.19,2437
73.17,2438
53.21,2439
57.27,244
51.18,2440
78.59,2441
57.61,2442
59.64,2443
56.59,2444
59.64,2445
55.58,2446
55.24,2447
38.31,2448
72.16,2449
60.99,245
43.73,2450
36.28,2451
51.18,2452
37.64,2453
54.22,2454
56.25,2455
62.68,2456
41.7,2457
73.17,2458
62.68,2459
68.1,246
55.24,2460
99.56,2461
61.67,2462
68.77,2463
64.71,2464
41.7,2465
55.24,2466
54.22,2467
63.7,2468
68.77,2469
47.79,247
58.28,2470
62.68,2471
56.25,2472
55.24,2473
45.76,2474
69.11,2475
64.37,2476
63.7,2477
67.08,2478
61.67,2479
49.15,248
64.71,2480
76.22,2481
76.22,2482
58.62,2483
74.19,2484
67.76,2485
63.7,2486
61.67,2487
70.8,2488
67.76,2489
64.71,249
77.23,2490
75.2,2491
58.28,2492
77.23,2493
44.75,2494
62.34,2495
58.28,2496
50.84,2497
50.84,2498
61.33,2499
39.34,25
53.55,250
60.31,2500
68.77,2501
66.74,2502
60.31,2503
67.76,2504
60.31,2505
69.79,2506
69.79,2507
69.79,2508
60.31,2509
68.77,251
67.76,2510
75.2,2511
69.79,2512
60.31,2513
61.33,2514
51.85,2515
67.76,2516
52.19,2517
72.16,2518
64.71,2519
55.24,252
67.08,2520
63.02,2521
47.46,2522
60.65,2523
70.13,2524
64.71,2525
64.71,2526
64.71,2527
59.64,2528
47.12,2529
64.71,253
76.22,2530
47.46,2531
73.17,2532
62.68,2533
55.58,2534
57.61,2535
55.24,2536
62.68,2537
58.62,2538
53.21,2539
73.17,254
53.21,2540
55.58,2541
55.24,2542
56.59,2543
56.25,2544
72.16,2545
65.73,2546
91.78,2547
90.77,2548
91.78,2549
60.65,255
90.77,2550
69.11,2551
62.68,2552
65.73,2553
68.1,2554
,2555
78.59,2556
57.61,2557
80.62,2558
64.04,2559
39.67,256
13.61,2560
75.2,2561
60.65,2562
48.13,2563
71.14,2564
50.16,2565
68.1,2566
72.16,2567
52.19,2568
41.7,2569
64.71,257
47.12,2570
73.17,2571
60.65,2572
46.78,2573
72.16,2574
51.18,2575
52.19,2576
52.19,2577
61.67,2578
60.65,2579
50.16,258
53.21,2580
70.13,2581
52.19,2582
58.62,2583
61.67,2584
76.22,2585
68.44,2586
67.76,2587
70.13,2588
62.68,2589
56.59,259
69.11,2590
67.08,2591
52.19,2592
60.65,2593
72.16,2594
65.05,2595
72.16,2596
69.11,2597
63.7,2598
75.54,2599
68.1,26
60.65,260
73.17,2600
72.16,2601
62.68,2602
60.65,2603
83.66,2604
72.16,2605
71.14,2606
81.63,2607
73.17,2608
80.62,2609
44.75,261
79.6,2610
49.15,2611
64.71,2612
67.08,2613
65.05,2614
29.18,2615
61.67,2616
63.7,2617
42.72,2618
59.64,2619
42.72,262
61.67,2620
53.55,2621
47.12,2622
64.71,2623
82.65,2624
66.07,2625
58.62,2626
67.08,2627
61.67,2628
4.82,2629
46.1,263
61.67,2630
64.71,2631
73.17,2632
55.24,2633
83.66,2634
33.24,2635
40.69,2636
54.22,2637
53.21,2638
62.68,2639
53.21,264
39.67,2640
60.65,2641
64.71,2642
39.67,2643
62.68,2644
36.63,2645
39.67,2646
50.16,2647
40.69,2648
51.18,2649
58.62,265
53.21,2650
44.75,2651
66.74,2652
65.73,2653
59.64,2654
60.65,2655
55.24,2656
61.67,2657
51.18,2658
69.11,2659
59.64,266
66.07,2660
58.62,2661
63.7,2662
73.17,2663
38.66,2664
39.67,2665
32.22,2666
50.16,2667
52.19,2668
63.7,2669
51.18,267
53.21,2670
62.68,2671
73.17,2672
52.53,2673
60.65,2674
71.14,2675
56.25,2676
30.53,2677
45.76,2678
76.22,2679
73.17,268
61.67,2680
60.65,2681
56.25,2682
74.53,2683
74.19,2684
71.14,2685
56.59,2686
78.94,2687
73.17,2688
60.65,2689
71.14,269
60.65,2690
53.21,2691
72.16,2692
54.22,2693
39.67,2694
56.25,2695
55.24,2696
45.09,2697
59.64,2698
61.67,2699
72.16,27
43.73,270
54.56,2700
44.75,2701
63.7,2702
53.21,2703
42.72,2704
53.21,2705
40.34,2706
63.7,2707
72.5,2708
69.11,2709
53.21,271
71.14,2710
72.16,2711
68.1,2712
59.64,2713
58.96,2714
61.67,2715
73.17,2716
51.18,2717
66.07,2718
70.13,2719
53.21,272
81.63,2720
81.63,2721
63.7,2722
65.73,2723
68.1,2724
69.11,2725
71.14,2726
79.6,2727
57.61,2728
65.73,2729
55.24,273
61.67,2730
52.19,2731
63.7,2732
47.12,2733
65.73,2734
63.7,2735
31.21,2736
50.16,2737
53.21,2738
61.67,2739
53.21,274
56.25,2740
50.16,2741
54.22,2742
54.22,2743
28.17,2744
62.68,2745
50.16,2746
50.16,2747
51.18,2748
81.63,2749
33.24,275
65.73,2750
61.67,2751
58.62,2752
73.17,2753
61.67,2754
58.62,2755
56.59,2756
58.62,2757
64.71,2758
73.17,2759
40.69,276
62.68,2760
73.17,2761
63.7,2762
78.25,2763
57.61,2764
52.19,2765
61.67,2766
63.7,2767
57.27,2768
66.74,2769
60.65,277
59.64,2770
72.16,2771
38.66,2772
69.11,2773
56.25,2774
54.22,2775
37.64,2776
,2777
32.91,2778
50.16,2779
54.22,278
57.61,2780
64.71,2781
60.65,2782
67.76,2783
61.67,2784
76.22,2785
72.16,2786
52.19,2787
74.19,2788
-5.31,2789
62.68,279
56.25,2790
67.76,2791
59.64,2792
26.81,2793
56.59,2794
50.16,2795
61.67,2796
55.24,2797
49.15,2798
35.27,2799
65.05,28
63.7,280
53.21,2800
44.75,2801
61.67,2802
45.76,2803
61.67,2804
41.7,2805
50.16,2806
55.24,2807
72.16,2808
35.27,2809
63.7,281
61.67,2810
60.65,2811
36.63,2812
57.61,2813
59.64,2814
54.22,2815
53.21,2816
58.62,2817
59.64,2818
57.27,2819
57.27,282
63.7,2820
54.56,2821
50.16,2822
61.67,2823
61.67,2824
68.1,2825
62.68,2826
70.13,2827
43.06,2828
61.67,2829
60.65,283
80.62,2830
58.62,2831
58.62,2832
62.68,2833
63.7,2834
67.08,2835
62.68,2836
70.13,2837
81.63,2838
55.24,2839
48.13,284
54.22,2840
60.65,2841
80.62,2842
74.19,2843
66.74,2844
62.68,2845
58.62,2846
62.68,2847
51.18,2848
42.72,2849
59.64,285
60.65,2850
61.67,2851
53.21,2852
63.7,2853
55.58,2854
65.73,2855
27.83,2856
44.07,2857
49.15,2858
56.59,2859
42.72,286
61.67,2860
52.19,2861
46.1,2862
60.65,2863
50.16,2864
46.1,2865
41.03,2866
51.18,2867
71.14,2868
64.71,2869
58.62,287
59.64,2870
58.62,2871
73.17,2872
63.7,2873
52.53,2874
64.04,2875
69.11,2876
73.17,2877
55.58,2878
69.11,2879
47.12,288
77.57,2880
71.14,2881
59.64,2882
76.22,2883
60.65,2884
60.31,2885
52.19,2886
59.64,2887
50.16,2888
40.69,2889
61.67,289
60.65,2890
59.64,2891
65.05,2892
51.18,2893
47.12,2894
54.22,2895
72.16,2896
68.77,2897
62.68,2898
62.68,2899
71.14,29
56.25,290
49.15,2900
74.19,2901
63.7,2902
58.62,2903
70.13,2904
60.65,2905
52.19,2906
57.61,2907
74.19,2908
61.67,2909
62.68,291
62.68,2910
55.58,2911
52.19,2912
63.7,2913
59.64,2914
62.68,2915
59.64,2916
59.64,2917
51.18,2918
60.65,2919
64.71,292
59.64,2920
56.59,2921
79.26,2922
67.76,2923
47.12,2924
0.44,2925
66.74,2926
73.17,2927
57.61,2928
53.55,2929
49.15,293
56.25,2930
65.73,2931
55.58,2932
62.68,2933
47.12,2934
63.36,2935
59.64,2936
52.19,2937
60.65,2938
40.69,2939
44.07,294
52.19,2940
61.67,2941
19.71,2942
55.24,2943
56.25,2944
66.07,2945
41.7,2946
59.3,2947
55.24,2948
50.84,2949
52.19,295
52.19,2950
82.65,2951
46.78,2952
58.62,2953
67.76,2954
53.21,2955
56.59,2956
67.08,2957
57.61,2958
71.14,2959
51.18,296
71.14,2960
54.22,2961
60.65,2962
73.17,2963
70.13,2964
62.68,2965
81.63,2966
74.19,2967
75.2,2968
73.17,2969
50.16,297
72.16,2970
63.7,2971
55.24,2972
46.44,2973
88.74,2974
70.13,2975
58.62,2976
82.65,2977
78.59,2978
75.2,2979
51.18,298
68.1,2980
58.62,2981
41.7,2982
61.67,2983
61.33,2984
56.59,2985
65.73,2986
61.67,2987
52.19,2988
63.02,2989
44.75,299
42.72,2990
65.73,2991
50.16,2992
54.22,2993
58.62,2994
74.19,2995
43.06,2996
43.06,2997
63.7,2998
40.69,2999
64.04,3
60.65,30
63.7,300
56.59,3000
32.57,3001
75.2,3002
56.25,3003
53.55,3004
65.73,3005
62.68,3006
52.19,3007
45.76,3008
46.44,3009
64.71,301
43.73,3010
52.19,3011
61.67,3012
74.19,3013
50.16,3014
51.18,3015
52.19,3016
59.64,3017
71.14,3018
64.71,3019
45.76,302
79.26,3020
59.3,3021
56.25,3022
59.3,3023
53.21,3024
40.69,3025
64.71,3026
50.16,3027
50.16,3028
68.77,3029
60.65,303
64.71,3030
73.17,3031
46.1,3032
50.16,3033
60.65,3034
55.24,3035
62.68,3036
53.55,3037
52.19,3038
61.67,3039
60.65,304
77.23,3040
46.1,3041
74.19,3042
72.16,3043
61.67,3044
58.62,3045
66.07,3046
57.61,3047
62.68,3048
63.7,3049
63.7,305
54.22,3050
61.67,3051
62.68,3052
76.22,3053
65.73,3054
73.17,3055
72.16,3056
70.13,3057
73.17,3058
45.43,3059
57.27,306
75.2,3060
53.21,3061
68.1,3062
62.68,3063
73.17,3064
62.68,3065
64.71,3066
,3067
72.16,3068
62.68,3069
55.24,307
54.22,3070
46.1,3071
64.71,3072
77.23,3073
40.69,3074
69.8,3075
64.71,3076
43.39,3077
65.73,3078
74.19,3079
46.78,308
43.73,3080
76.22,3081
52.19,3082
64.71,3083
67.08,3084
39.33,3085
63.7,3086
61.67,3087
36.28,3088
59.64,3089
49.15,309
59.64,3090
50.16,3091
62.68,3092
61.67,3093
62.68,3094
68.77,3095
74.19,3096
54.22,3097
43.73,3098
63.7,3099
58.62,31
38.66,310
49.15,3100
78.59,3101
72.16,3102
67.08,3103
65.73,3104
59.64,3105
71.14,3106
75.2,3107
65.73,3108
42.04,3109
38.66,311
53.21,3110
65.73,3111
74.19,3112
61.67,3113
81.63,3114
66.07,3115
54.22,3116
56.25,3117
74.19,3118
69.11,3119
55.24,312
45.76,3120
61.67,3121
61.67,3122
69.11,3123
63.7,3124
72.16,3125
60.65,3126
60.65,3127
56.59,3128
40.34,3129
44.75,313
41.7,3130
51.18,3131
58.62,3132
44.75,3133
62.68,3134
44.07,3135
41.7,3136
55.24,3137
50.16,3138
53.21,3139
35.27,314
57.27,3140
65.73,3141
40.69,3142
51.52,3143
38.66,3144
54.22,3145
54.22,3146
43.06,3147
59.64,3148
47.12,3149
67.76,315
47.12,3150
37.64,3151
38.66,3152
46.1,3153
47.79,3154
47.46,3155
57.61,3156
58.62,3157
55.24,3158
56.25,3159
58.28,316
48.13,3160
38.66,3161
43.06,3162
53.21,3163
54.56,3164
77.23,3165
60.65,3166
71.14,3167
66.74,3168
40.69,3169
38.66,317
48.13,3170
53.21,3171
52.19,3172
51.18,3173
45.09,3174
58.62,3175
60.65,3176
63.7,3177
70.13,3178
72.16,3179
59.64,318
74.19,3180
66.74,3181
54.22,3182
66.74,3183
75.2,3184
73.17,3185
77.23,3186
58.28,3187
60.99,3188
57.61,3189
62.68,319
63.02,3190
70.13,3191
58.62,3192
76.22,3193
86.71,3194
63.7,3195
66.74,3196
60.65,3197
64.71,3198
42.04,3199
52.19,32
41.7,320
51.18,3200
55.24,3201
55.24,3202
57.27,3203
58.62,3204
64.71,3205
60.65,3206
76.22,3207
76.22,3208
,3209
59.64,321
54.56,3210
45.09,3211
50.16,3212
40.01,3213
65.73,3214
58.62,3215
56.59,3216
57.61,3217
53.55,3218
57.61,3219
57.61,322
58.62,3220
50.16,3221
78.25,3222
54.56,3223
40.01,3224
54.56,3225
53.21,3226
47.12,3227
63.7,3228
63.7,3229
61.67,323
61.67,3230
51.18,3231
65.05,3232
61.67,3233
55.24,3234
71.14,3235
70.13,3236
60.65,3237
52.55,3238
63.7,3239
60.65,324
75.2,3240
63.7,3241
51.18,3242
59.64,3243
64.71,3244
52.19,3245
43.73,3246
54.22,3247
49.82,3248
51.18,3249
29.18,325
49.15,3250
52.19,3251
51.18,3252
62.68,3253
49.15,3254
45.76,3255
55.24,3256
63.7,3257
62.68,3258
56.25,3259
52.19,326
78.25,3260
49.15,3261
61.67,3262
73.17,3263
67.08,3264
61.67,3265
61.67,3266
73.17,3267
68.77,3268
75.2,3269
59.64,327
79.6,3270
57.61,3271
67.08,3272
58.62,3273
78.59,3274
82.65,3275
83.66,3276
58.28,3277
63.7,3278
62.68,3279
51.18,328
72.16,3280
71.14,3281
62.68,3282
72.16,3283
51.18,3284
67.08,3285
50.16,3286
62.68,3287
63.7,3288
61.67,3289
64.71,329
57.61,3290
61.67,3291
62.68,3292
62.68,3293
56.59,3294
64.71,3295
58.62,3296
61.67,3297
38.66,3298
56.59,3299
72.16,33
54.22,330
55.24,3300
48.13,3301
52.19,3302
58.28,3303
73.17,3304
38.66,3305
54.22,3306
52.19,3307
45.09,3308
41.7,3309
41.7,331
74.19,3310
63.7,3311
46.1,3312
42.72,3313
64.71,3314
55.24,3315
62.68,3316
60.65,3317
38.66,3318
46.1,3319
51.18,332
56.59,3320
44.07,3321
43.73,3322
51.18,3323
64.71,3324
61.67,3325
72.16,3326
54.22,3327
62.68,3328
57.61,3329
45.76,333
67.08,3330
56.59,3331
57.61,3332
62.68,3333
78.25,3334
52.87,3335
63.7,3336
49.15,3337
49.15,3338
52.19,3339
61.67,334
51.18,3340
72.16,3341
46.1,3342
69.11,3343
63.7,3344
64.71,3345
65.73,3346
61.67,3347
56.59,3348
60.65,3349
68.1,335
63.7,3350
50.16,3351
1.46,3352
73.17,3353
68.77,3354
74.19,3355
46.78,3356
52.19,3357
49.15,3358
51.18,3359
56.59,336
52.19,3360
55.58,3361
56.25,3362
64.71,3363
47.79,3364
40.69,3365
40.69,3366
43.73,3367
56.25,3368
68.1,3369
41.7,337
73.17,3370
65.73,3371
57.27,3372
74.19,3373
70.13,3374
62.68,3375
68.1,3376
63.7,3377
69.11,3378
61.67,3379
55.24,338
62.01,3380
70.13,3381
74.19,3382
68.1,3383
80.62,3384
83.66,3385
56.59,3386
55.24,3387
44.75,3388
62.01,3389
61.67,339
48.81,3390
55.24,3391
69.11,3392
53.21,3393
60.65,3394
61.67,3395
56.25,3396
60.65,3397
45.76,3398
66.74,3399
69.11,34
77.23,340
46.78,3400
73.17,3401
53.21,3402
50.16,3403
67.76,3404
63.7,3405
56.25,3406
59.64,3407
58.28,3408
45.09,3409
66.74,341
51.18,3410
40.34,3411
56.25,3412
62.68,3413
47.46,3414
43.73,3415
36.63,3416
55.58,3417
49.15,3418
34.6,3419
72.16,342
61.67,3420
38.66,3421
58.62,3422
49.15,3423
46.1,3424
31.21,3425
61.67,3426
53.21,3427
54.22,3428
45.09,3429
57.27,343
60.65,3430
41.7,3431
37.64,3432
62.68,3433
51.18,3434
61.67,3435
65.73,3436
74.19,3437
58.62,3438
56.59,3439
72.16,344
63.7,3440
66.07,3441
42.72,3442
72.16,3443
38.31,3444
81.63,3445
73.17,3446
79.6,3447
68.77,3448
66.07,3449
55.24,345
58.62,3450
71.14,3451
68.1,3452
63.7,3453
64.71,3454
65.73,3455
60.65,3456
51.18,3457
68.1,3458
47.12,3459
62.68,346
46.1,3460
49.15,3461
60.31,3462
73.17,3463
60.65,3464
56.59,3465
68.1,3466
45.09,3467
59.64,3468
48.13,3469
49.15,347
54.22,3470
11.92,3471
55.58,3472
56.59,3473
47.12,3474
42.04,3475
49.15,3476
63.7,3477
53.55,3478
52.19,3479
46.78,348
80.28,3480
73.17,3481
46.78,3482
61.67,3483
65.73,3484
75.2,3485
52.19,3486
51.18,3487
55.24,3488
62.68,3489
65.73,349
52.19,3490
79.6,3491
,3492
62.68,3493
57.27,3494
93.14,3495
81.63,3496
61.67,3497
62.68,3498
73.17,3499
60.65,35
11.58,350
74.19,3500
59.64,3501
68.1,3502
65.73,3503
77.23,3504
57.27,3505
60.31,3506
61.33,3507
68.77,3508
70.8,3509
73.51,351
75.2,3510
67.76,3511
61.33,3512
67.76,3513
60.31,3514
69.79,3515
69.79,3516
67.76,3517
77.23,3518
64.71,3519
10.56,352
61.33,3520
59.3,3521
59.3,3522
60.31,3523
59.3,3524
61.33,3525
66.74,3526
61.33,3527
69.79,3528
67.76,3529
52.19,353
67.76,3530
70.8,3531
63.7,3532
60.31,3533
72.16,3534
61.67,3535
55.58,3536
62.68,3537
52.19,3538
72.16,3539
51.18,354
,3540
70.13,3541
60.65,3542
66.07,3543
68.1,3544
71.14,3545
,3546
72.16,3547
53.21,3548
73.17,3549
19.03,355
72.16,3550
54.56,3551
72.16,3552
73.17,3553
47.12,3554
56.25,3555
48.13,3556
77.57,3557
62.68,3558
50.16,3559
73.17,356
48.13,3560
48.13,3561
62.68,3562
58.62,3563
62.68,3564
75.2,3565
50.16,3566
59.64,3567
75.2,3568
100.24,3569
71.14,357
81.29,3570
91.78,3571
90.77,3572
64.71,3573
66.74,3574
86.04,3575
57.61,3576
65.73,3577
61.67,3578
62.68,3579
2.11,358
82.65,3580
61.67,3581
47.12,3582
51.18,3583
63.7,3584
47.12,3585
65.73,3586
56.59,3587
50.16,3588
58.62,3589
72.16,359
58.62,3590
47.79,3591
48.13,3592
61.67,3593
61.67,3594
61.67,3595
61.67,3596
43.73,3597
67.08,3598
73.17,3599
74.19,36
10.56,360
63.7,3600
72.16,3601
80.62,3602
49.15,3603
49.15,3604
53.21,3605
73.17,3606
59.64,3607
59.64,3608
83.66,3609
70.13,361
71.14,3610
59.64,3611
58.62,3612
58.62,3613
62.68,3614
55.24,3615
78.59,3616
73.17,3617
65.73,3618
68.1,3619
62.68,362
72.16,3620
73.17,3621
80.62,3622
65.73,3623
62.68,3624
73.17,3625
80.62,3626
73.17,3627
81.63,3628
57.61,3629
34.93,363
76.56,3630
72.16,3631
68.1,3632
36.29,3633
71.14,3634
70.13,3635
82.65,3636
81.63,3637
66.74,3638
67.08,3639
27.49,364
27.15,3640
60.31,3641
78.59,3642
62.68,3643
50.16,3644
68.1,3645
76.56,3646
63.7,3647
47.12,3648
83.66,3649
72.16,365
86.71,3650
41.7,3651
45.09,3652
72.16,3653
72.16,3654
62.68,3655
60.65,3656
54.22,3657
72.16,3658
41.03,3659
72.16,366
51.18,3660
55.58,3661
67.08,3662
72.16,3663
55.58,3664
70.13,3665
69.11,3666
64.71,3667
59.64,3668
62.68,3669
55.24,367
69.11,3670
51.18,3671
72.16,3672
55.58,3673
46.1,3674
49.15,3675
62.68,3676
50.16,3677
59.64,3678
71.14,3679
44.07,368
37.64,3680
57.61,3681
31.21,3682
52.19,3683
49.49,3684
59.64,3685
57.61,3686
59.64,3687
41.7,3688
72.16,3689
64.71,369
64.71,3690
56.25,3691
62.68,3692
75.2,3693
40.69,3694
56.59,3695
72.16,3696
56.59,3697
56.25,3698
68.1,3699
38.66,37
28.5,370
63.02,3700
56.59,3701
77.23,3702
62.68,3703
14.97,3704
41.7,3705
54.22,3706
54.22,3707
32.22,3708
54.22,3709
67.08,371
48.13,3710
55.24,3711
58.62,3712
62.68,3713
66.74,3714
58.62,3715
63.7,3716
70.13,3717
63.7,3718
53.21,3719
35.95,372
72.16,3720
52.19,3721
63.7,3722
60.65,3723
31.55,3724
74.19,3725
69.11,3726
67.08,3727
52.19,3728
71.14,3729
64.71,373
76.91,3730
59.64,3731
99.23,3732
59.64,3733
73.17,3734
73.17,3735
75.2,3736
40.69,3737
37.3,3738
50.16,3739
63.7,374
57.61,3740
56.25,3741
53.21,3742
59.64,3743
56.25,3744
55.24,3745
56.25,3746
58.62,3747
54.22,3748
44.75,3749
27.49,375
46.1,3750
67.08,3751
76.22,3752
62.68,3753
70.13,3754
74.19,3755
72.16,3756
69.11,3757
72.16,3758
74.19,3759
79.6,376
70.13,3760
71.14,3761
73.17,3762
74.19,3763
79.6,3764
68.1,3765
58.62,3766
73.17,3767
62.68,3768
38.66,3769
28.5,377
54.22,3770
63.7,3771
60.65,3772
72.16,3773
43.73,3774
41.7,3775
36.63,3776
50.16,3777
115.47,3778
61.67,3779
36.96,378
41.7,3780
51.18,3781
52.19,3782
75.2,3783
59.64,3784
44.75,3785
46.1,3786
61.67,3787
53.21,3788
60.65,3789
72.16,379
57.61,3790
62.68,3791
67.08,3792
45.09,3793
81.63,3794
63.7,3795
51.18,3796
50.16,3797
80.28,3798
55.24,3799
38.66,38
79.26,380
55.24,3800
64.71,3801
60.65,3802
56.25,3803
72.16,3804
48.13,3805
81.63,3806
30.2,3807
44.75,3808
63.7,3809
81.63,381
69.11,3810
25.8,3811
55.24,3812
49.15,3813
65.73,3814
49.15,3815
61.67,3816
-6.32,3817
64.71,3818
53.21,3819
9.55,382
60.65,3820
50.84,3821
72.16,3822
48.13,3823
73.17,3824
78.25,3825
57.61,3826
65.73,3827
55.24,3828
51.18,3829
67.76,383
44.75,3830
48.81,3831
34.93,3832
56.25,3833
62.68,3834
56.25,3835
49.15,3836
37.64,3837
43.73,3838
40.69,3839
59.64,384
55.24,3840
64.37,3841
43.73,3842
49.82,3843
46.78,3844
47.12,3845
61.67,3846
43.73,3847
46.1,3848
60.31,3849
71.82,385
61.67,3850
65.73,3851
54.22,3852
31.21,3853
58.62,3854
69.79,3855
71.14,3856
73.17,3857
71.14,3858
62.68,3859
73.17,386
71.14,3860
68.1,3861
57.61,3862
62.68,3863
61.67,3864
61.67,3865
57.61,3866
76.56,3867
75.2,3868
29.18,3869
,387
50.16,3870
71.14,3871
50.16,3872
75.54,3873
82.65,3874
50.16,3875
28.17,3876
57.61,3877
60.65,3878
73.17,3879
61.67,388
73.17,3880
,3881
43.73,3882
52.19,3883
47.12,3884
42.72,3885
42.72,3886
51.18,3887
50.16,3888
60.65,3889
77.23,389
65.73,3890
68.77,3891
65.73,3892
55.24,3893
35.27,3894
37.64,3895
41.7,3896
58.28,3897
56.25,3898
45.09,3899
57.61,39
55.58,390
31.55,3900
39.67,3901
44.75,3902
41.7,3903
56.25,3904
54.22,3905
39.67,3906
62.68,3907
56.59,3908
38.66,3909
71.14,391
54.22,3910
52.19,3911
52.19,3912
43.73,3913
51.52,3914
51.18,3915
44.07,3916
33.58,3917
56.59,3918
55.24,3919
9.55,392
57.61,3920
61.67,3921
54.22,3922
60.65,3923
68.1,3924
52.19,3925
74.19,3926
57.61,3927
72.16,3928
53.55,3929
18.01,393
58.28,3930
56.59,3931
70.13,3932
54.22,3933
78.25,3934
53.21,3935
57.27,3936
56.59,3937
53.21,3938
58.28,3939
64.71,394
43.06,3940
54.22,3941
74.19,3942
70.13,3943
72.16,3944
48.81,3945
55.24,3946
61.67,3947
54.22,3948
63.7,3949
68.1,395
71.14,3950
74.19,3951
58.62,3952
70.13,3953
83.66,3954
60.65,3955
50.16,3956
51.18,3957
72.16,3958
63.7,3959
-7.37,396
62.68,3960
,3961
55.58,3962
49.15,3963
61.67,3964
65.73,3965
52.19,3966
59.64,3967
71.14,3968
60.33,3969
75.2,397
63.7,3970
51.18,3971
63.7,3972
77.23,3973
51.18,3974
51.18,3975
65.73,3976
53.21,3977
64.71,3978
64.71,3979
21.06,398
58.62,3980
54.56,3981
54.56,3982
62.68,3983
55.24,3984
41.7,3985
36.28,3986
54.22,3987
39.67,3988
54.22,3989
63.7,399
45.76,3990
53.88,3991
55.24,3992
57.27,3993
66.74,3994
38.66,3995
72.16,3996
45.09,3997
73.17,3998
39.67,3999
58.62,4
69.11,40
-15.83,400
74.19,4000
72.16,4001
72.16,4002
64.71,4003
76.22,4004
73.17,4005
61.67,4006
70.13,4007
63.7,4008
72.16,4009
75.2,401
66.07,4010
47.12,4011
65.05,4012
73.17,4013
64.71,4014
58.62,4015
61.67,4016
60.65,4017
61.67,4018
59.64,4019
64.71,402
,4020
58.62,4021
50.16,4022
42.72,4023
74.19,4024
50.16,4025
55.24,4026
44.07,4027
64.37,4028
34.6,4029
77.57,403
45.43,4030
33.58,4031
64.71,4032
61.67,4033
50.16,4034
43.73,4035
38.66,4036
64.71,4037
61.67,4038
61.67,4039
63.7,404
51.18,4040
59.64,4041
60.65,4042
44.75,4043
38.66,4044
50.16,4045
46.1,4046
52.19,4047
54.22,4048
63.7,4049
-24.29,405
47.79,4050
70.13,4051
65.73,4052
76.22,4053
72.16,4054
59.64,4055
63.7,4056
56.59,4057
76.22,4058
57.27,4059
65.73,406
56.25,4060
43.06,4061
46.1,4062
38.66,4063
63.7,4064
62.68,4065
44.75,4066
53.21,4067
53.21,4068
42.72,4069
67.76,407
70.13,4070
59.3,4071
64.71,4072
52.19,4073
61.67,4074
58.62,4075
62.68,4076
75.2,4077
65.05,4078
66.74,4079
74.19,408
83.66,4080
59.64,4081
68.1,4082
72.16,4083
64.71,4084
72.16,4085
65.73,4086
61.67,4087
69.11,4088
62.68,4089
-32.75,409
70.13,4090
63.7,4091
74.19,4092
56.25,4093
73.17,4094
74.19,4095
73.17,4096
67.08,4097
54.22,4098
66.74,4099
61.67,41
82.65,410
73.17,4100
56.25,4101
72.16,4102
51.18,4103
62.68,4104
53.21,4105
51.19,4106
46.1,4107
51.18,4108
59.64,4109
67.76,411
68.77,4110
51.18,4111
68.77,4112
42.38,4113
67.76,4114
61.67,4115
61.67,4116
58.28,4117
52.19,4118
60.65,4119
,412
57.27,4120
15.98,4121
42.72,4122
53.21,4123
46.78,4124
46.1,4125
56.25,4126
53.21,4127
58.62,4128
74.19,4129
57.61,413
56.25,4130
40.34,4131
55.58,4132
65.73,4133
57.61,4134
73.17,4135
71.14,4136
72.16,4137
70.13,4138
72.16,4139
84.68,414
74.19,4140
60.31,4141
65.73,4142
73.17,4143
64.71,4144
61.67,4145
63.7,4146
61.67,4147
48.81,4148
77.23,4149
67.76,415
59.3,4150
65.73,4151
68.1,4152
74.19,4153
60.65,4154
71.14,4155
61.67,4156
56.25,4157
62.68,4158
70.13,4159
84.68,416
68.1,4160
67.08,4161
65.73,4162
70.13,4163
60.65,4164
63.7,4165
60.65,4166
60.65,4167
62.68,4168
47.12,4169
1.09,417
51.18,4170
65.73,4171
60.65,4172
25.8,4173
34.6,4174
44.75,4175
64.71,4176
56.59,4177
50.16,4178
55.24,4179
62.68,418
58.62,4180
52.19,4181
46.1,4182
42.72,4183
43.73,4184
44.07,4185
36.63,4186
72.16,4187
53.21,4188
60.65,4189
9.55,419
40.69,4190
58.62,4191
37.64,4192
49.15,4193
65.73,4194
52.19,4195
39.67,4196
39.67,4197
55.24,4198
77.23,4199
,42
72.16,420
66.74,4200
67.76,4201
46.1,4202
73.17,4203
47.12,4204
52.19,4205
45.76,4206
53.21,4207
55.24,4208
50.16,4209
-15.83,421
74.19,4210
65.73,4211
65.73,4212
75.2,4213
73.17,4214
73.17,4215
57.61,4216
55.58,4217
52.19,4218
74.19,4219
78.25,422
77.23,4220
75.2,4221
77.23,4222
64.71,4223
52.19,4224
50.16,4225
36.63,4226
55.24,4227
73.17,4228
60.65,4229
76.22,423
62.68,4230
44.07,4231
48.13,4232
64.71,4233
52.19,4234
32.22,4235
59.3,4236
58.62,4237
47.12,4238
51.18,4239
54.22,424
41.7,4240
,4241
59.64,4242
56.59,4243
52.19,4244
48.13,4245
59.64,4246
68.1,4247
54.56,4248
49.15,4249
75.2,425
53.21,4250
57.61,4251
57.61,4252
54.56,4253
48.47,4254
45.09,4255
54.22,4256
77.23,4257
66.74,4258
64.71,4259
-15.83,426
61.67,4260
57.62,4261
57.27,4262
53.21,4263
61.67,4264
60.65,4265
64.71,4266
74.19,4267
56.25,4268
48.13,4269
51.18,427
71.14,4270
64.71,4271
75.2,4272
44.75,4273
52.87,4274
45.76,4275
47.79,4276
67.08,4277
63.7,4278
44.07,4279
68.77,428
55.24,4280
52.19,4281
44.75,4282
50.16,4283
63.7,4284
54.22,4285
49.49,4286
56.59,4287
72.16,4288
57.61,4289
57.27,429
69.11,4290
62.68,4291
61.67,4292
66.07,4293
71.14,4294
85.69,4295
59.64,4296
72.16,4297
51.18,4298
51.18,4299
,43
66.74,430
69.11,4300
73.17,4301
68.1,4302
60.65,4303
52.19,4304
70.13,4305
62.68,4306
63.02,4307
71.14,4308
73.17,4309
61.67,431
64.71,4310
65.05,4311
74.19,4312
58.28,4313
59.64,4314
61.67,4315
53.21,4316
56.25,4317
50.16,4318
56.25,4319
-15.83,432
60.65,4320
63.7,4321
52.19,4322
48.13,4323
77.23,4324
40.34,4325
45.76,4326
48.13,4327
43.73,4328
55.24,4329
,433
42.72,4330
61.67,4331
62.68,4332
48.13,4333
56.59,4334
45.09,4335
50.5,4336
61.67,4337
37.98,4338
44.07,4339
76.22,434
53.21,4340
65.73,4341
47.12,4342
49.15,4343
56.93,4344
46.1,4345
54.56,4346
52.19,4347
60.65,4348
57.61,4349
-24.29,435
52.19,4350
30.54,4351
35.27,4352
52.53,4353
52.19,4354
49.15,4355
42.72,4356
65.73,4357
50.16,4358
50.16,4359
75.2,436
70.13,4360
54.22,4361
55.58,4362
68.1,4363
52.19,4364
55.58,4365
63.7,4366
78.25,4367
57.27,4368
48.13,4369
81.63,437
48.13,4370
62.68,4371
53.21,4372
55.24,4373
55.24,4374
56.25,4375
50.16,4376
72.16,4377
59.64,4378
74.19,4379
69.11,438
75.54,4380
64.71,4381
57.61,4382
77.23,4383
51.18,4384
47.12,4385
64.71,4386
86.71,4387
52.19,4388
0.44,4389
9.55,439
74.19,4390
49.15,4391
66.74,4392
72.16,4393
59.64,4394
70.13,4395
42.72,4396
50.16,4397
53.21,4398
46.1,4399
52.19,44
58.62,440
32.22,4400
52.19,4401
40.69,4402
54.56,4403
56.59,4404
53.21,4405
79.26,4406
57.27,4407
64.71,4408
47.79,4409
69.11,441
70.13,4410
72.16,4411
75.2,4412
65.73,4413
72.16,4414
70.13,4415
55.58,4416
71.14,4417
73.17,4418
66.74,4419
75.2,442
82.65,4420
83.66,4421
73.17,4422
67.08,4423
56.59,4424
51.18,4425
73.17,4426
66.07,4427
64.71,4428
64.04,4429
,443
67.76,4430
68.1,4431
60.65,4432
66.74,4433
64.71,4434
42.72,4435
63.7,4436
62.68,4437
51.18,4438
52.19,4439
82.65,444
54.56,4440
49.15,4441
42.72,4442
72.16,4443
56.25,4444
68.1,4445
68.1,4446
62.68,4447
54.22,4448
49.15,4449
1.09,445
56.59,4450
52.19,4451
49.15,4452
59.64,4453
52.19,4454
51.18,4455
70.13,4456
64.71,4457
69.11,4458
44.41,4459
34.93,446
40.69,4460
58.62,4461
53.21,4462
58.62,4463
38.66,4464
55.58,4465
36.63,4466
82.65,4467
61.67,4468
53.21,4469
72.16,447
62.68,4470
64.71,4471
61.67,4472
51.52,4473
72.16,4474
63.7,4475
73.17,4476
52.19,4477
58.62,4478
45.76,4479
1.09,448
50.16,4480
71.14,4481
59.64,4482
53.21,4483
74.19,4484
60.65,4485
72.16,4486
73.17,4487
60.65,4488
52.87,4489
70.13,449
49.82,4490
62.68,4491
45.76,4492
66.07,4493
58.62,4494
71.14,4495
62.68,4496
69.11,4497
55.58,4498
54.22,4499
55.58,45
66.74,450
77.23,4500
53.21,4501
65.05,4502
75.2,4503
57.61,4504
54.56,4505
63.7,4506
45.09,4507
59.64,4508
86.71,4509
65.73,451
60.65,4510
57.27,4511
57.27,4512
53.21,4513
55.24,4514
53.21,4515
69.11,4516
51.18,4517
81.63,4518
70.13,4519
,452
72.16,4520
73.17,4521
65.73,4522
74.19,4523
58.28,4524
65.73,4525
81.63,4526
63.36,4527
71.14,4528
77.23,4529
59.64,453
69.79,4530
50.84,4531
42.38,4532
57.27,4533
61.33,4534
59.3,4535
67.76,4536
60.31,4537
67.76,4538
75.2,4539
77.23,454
61.33,4540
60.31,4541
61.33,4542
51.85,4543
70.8,4544
57.27,4545
67.76,4546
69.79,4547
56.25,4548
57.27,4549
83.66,455
67.76,4550
57.27,4551
60.31,4552
76.22,4553
66.74,4554
49.82,4555
61.33,4556
81.63,4557
63.7,4558
62.68,4559
61.67,456
62.68,4560
66.74,4561
84.68,4562
,4563
83.66,4564
71.14,4565
59.64,4566
60.65,4567
84.68,4568
49.15,4569
-14.81,457
64.71,4570
61.67,4571
61.67,4572
60.65,4573
72.16,4574
67.08,4575
74.19,4576
83.66,4577
54.56,4578
62.68,4579
72.16,458
83.66,4580
62.68,4581
44.07,4582
83.66,4583
54.56,4584
48.13,4585
53.55,4586
61.67,4587
58.62,4588
69.11,4589
75.2,459
55.24,4590
54.22,4591
91.78,4592
81.29,4593
91.78,4594
90.77,4595
46.78,4596
52.19,4597
78.94,4598
73.17,4599
66.74,46
52.19,460
85.69,4600
,4601
,4602
74.19,4603
67.08,4604
66.74,4605
71.14,4606
49.15,4607
50.16,4608
58.62,4609
67.76,461
63.7,4610
53.21,4611
49.15,4612
53.21,4613
60.65,4614
50.16,4615
62.68,4616
62.68,4617
54.22,4618
52.19,4619
9.55,462
60.65,4620
55.58,4621
55.58,4622
50.16,4623
75.2,4624
52.19,4625
56.25,4626
53.21,4627
63.7,4628
56.59,4629
60.65,463
75.2,4630
67.08,4631
60.65,4632
63.7,4633
74.19,4634
61.67,4635
57.27,4636
60.65,4637
72.16,4638
71.14,4639
75.2,464
61.67,4640
51.18,4641
62.68,4642
70.13,4643
71.14,4644
55.58,4645
53.21,4646
63.7,4647
74.19,4648
69.11,4649
67.76,465
74.19,4650
85.69,4651
78.59,4652
71.14,4653
56.25,4654
57.61,4655
72.16,4656
101.94,4657
55.58,4658
77.57,4659
10.56,466
71.14,4660
72.16,4661
63.7,4662
61.67,4663
59.98,4664
82.65,4665
,4666
62.68,4667
48.13,4668
62.68,4669
53.21,467
47.79,4670
63.7,4671
74.19,4672
53.21,4673
71.14,4674
65.73,4675
61.67,4676
63.02,4677
51.18,4678
54.56,4679
64.71,468
50.16,4680
64.71,4681
60.65,4682
54.22,4683
54.22,4684
72.16,4685
51.18,4686
60.65,4687
44.75,4688
61.67,4689
76.22,469
39.67,4690
61.67,4691
53.21,4692
51.18,4693
55.24,4694
49.15,4695
61.67,4696
60.65,4697
56.25,4698
53.21,4699
63.7,47
57.27,470
50.16,4700
64.71,4701
74.19,4702
60.65,4703
62.68,4704
74.19,4705
51.18,4706
60.65,4707
56.25,4708
73.17,4709
84.68,471
63.7,4710
60.65,4711
50.16,4712
73.17,4713
53.21,4714
49.49,4715
42.72,4716
51.18,4717
42.72,4718
56.59,4719
19.03,472
45.76,4720
53.21,4721
65.73,4722
54.22,4723
47.12,4724
62.68,4725
58.62,4726
47.45,4727
77.23,4728
63.7,4729
18.01,473
68.1,4730
72.16,4731
64.71,4732
59.64,4733
56.25,4734
74.19,4735
68.79,4736
65.73,4737
48.81,4738
55.24,4739
61.67,474
82.65,4740
59.64,4741
55.24,4742
44.75,4743
48.13,4744
42.72,4745
50.16,4746
53.21,4747
54.22,4748
59.64,4749
85.69,475
70.13,4750
48.13,4751
50.16,4752
43.73,4753
70.13,4754
38.31,4755
85.69,4756
67.08,4757
79.6,4758
61.67,4759
34.93,476
78.59,4760
62.68,4761
62.68,4762
70.13,4763
73.17,4764
76.22,4765
80.62,4766
54.22,4767
71.14,4768
57.61,4769
75.2,477
62.68,4770
66.41,4771
66.07,4772
57.61,4773
73.17,4774
62.34,4775
51.18,4776
53.21,4777
53.21,4778
49.15,4779
56.25,478
40.69,4780
53.21,4781
49.15,4782
60.65,4783
51.18,4784
46.78,4785
63.7,4786
52.53,4787
63.7,4788
63.7,4789
-15.83,479
45.09,4790
63.7,4791
64.71,4792
42.04,4793
37.64,4794
50.16,4795
48.13,4796
43.06,4797
46.1,4798
73.17,4799
57.61,48
67.76,480
55.24,4800
42.04,4801
30.2,4802
48.13,4803
58.62,4804
69.11,4805
57.61,4806
73.17,4807
59.64,4808
53.21,4809
76.22,481
49.49,4810
75.2,4811
64.71,4812
53.21,4813
76.22,4814
51.18,4815
40.69,4816
61.67,4817
93.14,4818
55.58,4819
52.87,482
59.64,4820
49.15,4821
67.76,4822
74.19,4823
71.14,4824
71.14,4825
41.7,4826
,4827
55.24,4828
46.1,4829
9.55,483
45.09,4830
74.19,4831
62.68,4832
-6.32,4833
74.19,4834
76.22,4835
60.65,4836
63.7,4837
66.74,4838
52.19,4839
67.76,484
71.14,4840
46.78,4841
52.19,4842
72.16,4843
40.69,4844
37.98,4845
45.76,4846
50.84,4847
71.14,4848
73.17,4849
62.68,485
62.68,4850
76.22,4851
52.19,4852
55.24,4853
53.21,4854
55.24,4855
57.27,4856
37.3,4857
59.64,4858
55.58,4859
-15.83,486
48.13,4860
59.64,4861
61.67,4862
51.18,4863
50.16,4864
42.72,4865
47.12,4866
75.2,4867
63.7,4868
71.14,4869
76.22,487
70.13,4870
49.15,4871
71.14,4872
71.14,4873
67.08,4874
56.25,4875
61.67,4876
52.19,4877
69.11,4878
61.67,4879
69.11,488
66.74,4880
28.17,4881
62.68,4882
37.3,4883
49.15,4884
54.22,4885
58.28,4886
62.68,4887
33.24,4888
37.64,4889
52.19,489
62.68,4890
51.18,4891
50.16,4892
65.73,4893
52.19,4894
49.15,4895
42.72,4896
64.04,4897
64.71,4898
53.21,4899
64.71,49
-7.37,490
62.68,4900
57.61,4901
59.64,4902
46.1,4903
61.67,4904
46.1,4905
62.68,4906
57.61,4907
43.73,4908
54.22,4909
49.15,491
52.19,4910
49.15,4911
64.71,4912
52.19,4913
51.18,4914
74.19,4915
71.14,4916
73.17,4917
73.17,4918
59.64,4919
76.22,492
65.73,4920
71.14,4921
62.68,4922
63.7,4923
55.24,4924
82.65,4925
52.19,4926
57.27,4927
73.17,4928
60.65,4929
77.23,493
53.21,4930
35.61,4931
53.21,4932
50.16,4933
63.7,4934
51.18,4935
62.68,4936
63.7,4937
61.67,4938
41.7,4939
77.57,494
67.76,4940
50.16,4941
73.17,4942
59.64,4943
,4944
61.67,4945
63.7,4946
69.11,4947
62.68,4948
63.7,4949
-6.35,495
57.61,4950
81.63,4951
74.19,4952
61.67,4953
62.68,4954
,4955
48.13,4956
53.55,4957
54.22,4958
65.73,4959
66.74,496
40.69,4960
72.16,4961
73.17,4962
62.68,4963
63.7,4964
45.09,4965
1.46,4966
57.61,4967
60.65,4968
60.65,4969
64.71,497
41.7,4970
67.76,4971
58.96,4972
47.12,4973
59.64,4974
46.78,4975
51.18,4976
52.53,4977
58.62,4978
44.75,4979
64.71,498
38.31,4980
31.55,4981
55.24,4982
45.76,4983
39.33,4984
78.25,4985
46.1,4986
59.64,4987
46.78,4988
63.7,4989
66.74,499
71.14,4990
80.62,4991
66.74,4992
80.62,4993
80.62,4994
77.23,4995
52.19,4996
54.56,4997
72.16,4998
74.19,4999
59.64,5
58.62,50
36.28,500
62.68,5000
62.68,5001
73.17,5002
59.64,5003
71.14,5004
63.7,5005
75.2,5006
46.1,5007
71.14,5008
54.56,5009
73.17,501
64.71,5010
57.27,5011
73.17,5012
48.13,5013
74.19,5014
44.07,5015
47.79,5016
63.7,5017
54.22,5018
42.72,5019
58.62,502
61.67,5020
57.61,5021
51.18,5022
41.7,5023
55.24,5024
48.13,5025
62.68,5026
54.56,5027
55.24,5028
62.68,5029
72.16,503
52.19,5030
62.68,5031
62.68,5032
57.61,5033
61.67,5034
38.66,5035
51.18,5036
55.24,5037
42.72,5038
71.14,5039
62.68,504
40.69,5040
62.68,5041
65.05,5042
71.14,5043
71.14,5044
41.7,5045
71.14,5046
63.7,5047
57.61,5048
74.19,5049
37.64,505
49.15,5050
61.67,5051
58.28,5052
53.21,5053
54.22,5054
58.62,5055
54.22,5056
62.68,5057
45.76,5058
52.19,5059
60.65,506
61.33,5060
58.62,5061
53.21,5062
67.76,5063
64.71,5064
66.74,5065
53.55,5066
67.76,5067
50.16,5068
81.63,5069
51.18,507
63.7,5070
46.1,5071
62.68,5072
46.78,5073
64.71,5074
75.2,5075
65.73,5076
51.18,5077
55.24,5078
61.67,5079
49.15,508
67.08,5080
62.68,5081
61.67,5082
59.64,5083
75.2,5084
54.22,5085
63.7,5086
78.59,5087
66.74,5088
75.2,5089
62.68,509
82.65,5090
63.7,5091
44.75,5092
63.7,5093
54.22,5094
72.16,5095
55.24,5096
,5097
57.61,5098
57.27,5099
83.66,51
58.62,510
73.17,5100
46.78,5101
65.73,5102
52.19,5103
53.55,5104
67.76,5105
55.24,5106
40.69,5107
61.67,5108
9.92,5109
65.73,511
61.67,5110
67.76,5111
55.24,5112
59.64,5113
62.68,5114
50.16,5115
47.12,5116
61.67,5117
35.27,5118
96.18,5119
61.67,512
35.27,5120
62.68,5121
44.07,5122
65.73,5123
62.68,5124
55.24,5125
52.19,5126
52.19,5127
49.15,5128
55.24,5129
48.81,513
60.65,5130
75.2,5131
71.14,5132
68.1,5133
81.63,5134
63.7,5135
72.16,5136
63.7,5137
78.59,5138
73.17,5139
66.74,514
82.65,5140
66.07,5141
58.62,5142
70.13,5143
54.22,5144
65.05,5145
57.27,5146
70.13,5147
61.33,5148
70.13,5149
55.58,515
66.74,5150
72.16,5151
70.13,5152
70.13,5153
79.6,5154
58.62,5155
61.67,5156
54.22,5157
59.64,5158
60.99,5159
61.67,516
45.76,5160
39.67,5161
69.11,5162
52.19,5163
51.18,5164
57.61,5165
59.3,5166
54.22,5167
33.24,5168
48.13,5169
67.08,517
61.67,5170
43.73,5171
64.71,5172
67.76,5173
64.71,5174
63.36,5175
52.19,5176
61.67,5177
65.73,5178
62.68,5179
63.7,518
40.69,5180
61.67,5181
58.62,5182
75.54,5183
56.59,5184
38.66,5185
56.25,5186
57.61,5187
33.24,5188
49.15,5189
72.16,519
36.63,5190
42.72,5191
52.19,5192
77.23,5193
66.74,5194
61.67,5195
46.1,5196
55.24,5197
74.19,5198
54.56,5199
51.18,52
65.73,520
39.67,5200
61.67,5201
52.19,5202
65.73,5203
55.24,5204
54.22,5205
73.17,5206
61.67,5207
55.24,5208
62.68,5209
56.59,521
64.71,5210
75.2,5211
73.17,5212
76.22,5213
43.06,5214
60.65,5215
52.19,5216
82.65,5217
67.76,5218
63.7,5219
57.27,522
64.71,5220
63.7,5221
48.13,5222
45.09,5223
63.7,5224
72.16,5225
64.71,5226
54.22,5227
62.68,5228
64.71,5229
45.09,523
61.67,5230
51.18,5231
74.19,5232
72.16,5233
48.13,5234
65.73,5235
74.19,5236
65.05,5237
55.24,5238
52.19,5239
54.22,524
51.18,5240
56.59,5241
61.67,5242
53.21,5243
45.09,5244
53.21,5245
56.59,5246
59.64,5247
49.15,5248
48.13,5249
62.68,525
58.62,5250
54.22,5251
53.21,5252
67.08,5253
59.64,5254
58.28,5255
64.71,5256
57.27,5257
76.22,5258
52.19,5259
59.64,526
45.09,5260
54.22,5261
56.59,5262
62.68,5263
67.08,5264
-6.32,5265
67.76,5266
55.24,5267
70.13,5268
74.19,5269
52.19,527
39.67,5270
28.84,5271
55.24,5272
66.74,5273
101.59,5274
46.78,5275
53.21,5276
67.08,5277
39.67,5278
63.7,5279
59.3,528
51.18,5280
39.33,5281
35.61,5282
50.16,5283
48.81,5284
59.3,5285
70.13,5286
72.16,5287
71.14,5288
53.21,5289
43.73,529
74.53,5290
60.31,5291
59.64,5292
72.16,5293
54.22,5294
54.22,5295
71.14,5296
70.13,5297
58.62,5298
80.62,5299
50.5,53
76.22,530
67.08,5300
88.06,5301
59.64,5302
73.17,5303
50.16,5304
50.16,5305
71.14,5306
57.61,5307
67.76,5308
57.61,5309
65.73,531
54.22,5310
61.67,5311
58.62,5312
60.65,5313
49.15,5314
57.27,5315
54.22,5316
57.61,5317
62.68,5318
73.17,5319
57.27,532
61.67,5320
60.65,5321
32.22,5322
48.13,5323
59.64,5324
64.71,5325
65.73,5326
64.71,5327
50.16,5328
47.79,5329
62.68,533
35.61,5330
73.17,5331
50.16,5332
44.75,5333
37.64,5334
41.7,5335
47.12,5336
56.25,5337
55.58,5338
64.71,5339
64.71,534
53.21,5340
55.24,5341
61.67,5342
58.62,5343
70.13,5344
47.12,5345
47.12,5346
43.73,5347
34.6,5348
76.22,5349
50.16,535
48.13,5350
29.18,5351
50.16,5352
55.24,5353
51.18,5354
48.13,5355
29.18,5356
61.67,5357
60.65,5358
49.82,5359
57.61,536
82.65,5360
60.65,5361
48.47,5362
65.05,5363
53.55,5364
52.53,5365
61.67,5366
49.15,5367
77.23,5368
53.21,5369
32.22,537
52.19,5370
66.74,5371
42.04,5372
60.65,5373
51.18,5374
72.16,5375
75.2,5376
71.14,5377
49.15,5378
54.22,5379
45.76,538
64.71,5380
62.68,5381
74.19,5382
69.11,5383
54.22,5384
63.7,5385
0.44,5386
62.68,5387
67.76,5388
50.16,5389
68.77,539
62.68,5390
50.16,5391
77.23,5392
72.16,5393
57.61,5394
52.19,5395
46.1,5396
59.3,5397
52.19,5398
50.84,5399
53.21,54
56.25,540
34.26,5400
49.15,5401
53.21,5402
67.76,5403
71.14,5404
61.67,5405
71.14,5406
63.7,5407
68.1,5408
74.19,5409
63.7,541
74.19,5410
80.62,5411
73.17,5412
78.93,5413
74.19,5414
69.11,5415
49.15,5416
61.67,5417
71.14,5418
59.98,5419
61.67,542
82.65,5420
73.17,5421
49.83,5422
51.52,5423
72.16,5424
71.14,5425
64.71,5426
41.7,5427
57.27,5428
71.14,5429
58.28,543
49.15,5430
55.58,5431
70.13,5432
65.73,5433
46.1,5434
43.73,5435
64.71,5436
59.64,5437
51.18,5438
63.7,5439
65.73,544
65.73,5440
59.64,5441
42.04,5442
41.7,5443
52.19,5444
56.59,5445
46.1,5446
47.12,5447
65.73,5448
64.71,5449
54.22,545
65.73,5450
57.61,5451
48.13,5452
51.18,5453
62.68,5454
61.67,5455
49.15,5456
49.15,5457
57.61,5458
52.19,5459
71.14,546
50.16,5460
51.18,5461
45.43,5462
70.13,5463
65.73,5464
56.25,5465
73.17,5466
61.67,5467
64.71,5468
66.07,5469
42.72,547
57.61,5470
72.16,5471
60.65,5472
49.15,5473
55.58,5474
75.2,5475
86.71,5476
86.71,5477
93.14,5478
82.65,5479
59.64,548
84.68,5480
86.71,5481
83.66,5482
59.64,5483
49.15,5484
83.66,5485
83.66,5486
53.55,5487
62.68,5488
72.16,5489
58.62,549
38.66,5490
60.65,5491
73.17,5492
56.59,5493
62.68,5494
71.14,5495
62.01,5496
52.53,5497
72.16,5498
62.68,5499
78.59,55
54.22,550
66.07,5500
69.11,5501
62.68,5502
62.68,5503
49.15,5504
65.05,5505
66.74,5506
58.62,5507
58.62,5508
54.56,5509
62.68,551
58.62,5510
76.22,5511
69.11,5512
65.73,5513
70.13,5514
54.22,5515
50.16,5516
58.62,5517
66.07,5518
73.17,5519
63.7,552
60.65,5520
50.5,5521
53.55,5522
51.18,5523
78.25,5524
62.34,5525
72.16,5526
81.63,5527
62.68,5528
63.7,5529
59.64,553
56.25,5530
50.16,5531
27.83,5532
71.14,5533
48.13,5534
75.2,5535
85.69,5536
70.13,5537
71.14,5538
67.76,5539
76.22,554
76.22,5540
59.3,5541
59.3,5542
57.27,5543
63.36,5544
67.76,5545
64.71,5546
57.27,5547
56.25,5548
74.19,5549
73.17,555
50.84,5550
62.34,5551
47.79,5552
66.74,5553
61.33,5554
69.79,5555
59.3,5556
42.38,5557
69.79,5558
46.78,5559
53.21,556
59.3,5560
49.82,5561
66.74,5562
69.79,5563
70.8,5564
48.81,5565
50.84,5566
60.31,5567
69.79,5568
77.23,5569
57.27,557
66.74,5570
58.28,5571
70.8,5572
67.76,5573
57.27,5574
67.76,5575
74.19,5576
68.77,5577
61.67,5578
65.73,5579
59.64,558
72.16,5580
65.73,5581
71.14,5582
71.14,5583
84.68,5584
63.02,5585
55.24,5586
55.24,5587
,5588
81.63,5589
50.16,559
71.14,5590
73.17,5591
60.65,5592
71.14,5593
67.08,5594
58.28,5595
,5596
69.11,5597
74.19,5598
52.19,5599
50.16,56
67.76,560
,5600
73.17,5601
73.17,5602
48.13,5603
60.65,5604
50.16,5605
73.17,5606
67.08,5607
50.16,5608
74.19,5609
52.19,561
60.65,5610
64.71,5611
49.15,5612
61.67,5613
50.16,5614
67.08,5615
52.19,5616
73.17,5617
64.71,5618
100.24,5619
54.22,562
81.29,5620
91.78,5621
90.77,5622
81.98,5623
86.71,5624
74.19,5625
74.19,5626
64.71,5627
66.07,5628
61.67,5629
62.68,563
56.25,5630
58.62,5631
42.72,5632
41.7,5633
73.17,5634
61.67,5635
51.18,5636
41.7,5637
62.68,5638
56.25,5639
56.25,564
55.24,5640
63.7,5641
61.67,5642
54.22,5643
56.25,5644
76.22,5645
52.19,5646
69.11,5647
62.68,5648
61.67,5649
59.64,565
61.67,5650
61.67,5651
60.65,5652
61.67,5653
72.16,5654
62.01,5655
79.94,5656
79.6,5657
73.17,5658
62.68,5659
54.22,566
78.59,5660
72.16,5661
71.14,5662
72.16,5663
60.99,5664
72.16,5665
76.22,5666
78.59,5667
72.16,5668
37.64,5669
42.72,567
81.63,5670
80.62,5671
71.14,5672
77.57,5673
73.17,5674
57.27,5675
57.61,5676
64.71,5677
62.68,5678
60.65,5679
44.75,568
75.2,5680
77.23,5681
63.7,5682
59.64,5683
74.53,5684
67.08,5685
59.98,5686
72.16,5687
61.67,5688
45.09,5689
43.73,569
52.19,5690
57.27,5691
55.24,5692
61.67,5693
53.55,5694
55.24,5695
57.27,5696
60.65,5697
68.1,5698
70.13,5699
64.71,57
60.65,570
71.14,5700
59.64,5701
67.08,5702
73.17,5703
72.16,5704
61.67,5705
60.65,5706
53.21,5707
54.22,5708
53.21,5709
75.2,571
70.8,5710
54.22,5711
52.19,5712
60.65,5713
63.7,5714
50.16,5715
51.18,5716
61.67,5717
42.72,5718
64.71,5719
50.16,572
74.19,5720
51.18,5721
70.13,5722
54.56,5723
51.18,5724
50.16,5725
44.75,5726
39.67,5727
64.71,5728
61.67,5729
50.16,573
65.05,5730
83.66,5731
72.16,5732
50.16,5733
54.22,5734
59.64,5735
40.69,5736
66.07,5737
45.09,5738
61.67,5739
74.19,574
62.68,5740
26.14,5741
39.67,5742
45.76,5743
59.64,5744
66.74,5745
57.61,5746
58.62,5747
57.27,5748
65.73,5749
49.15,575
77.23,5750
63.7,5751
62.68,5752
72.16,5753
47.45,5754
81.63,5755
59.64,5756
64.04,5757
68.77,5758
61.67,5759
51.18,576
65.05,5760
74.19,5761
65.73,5762
75.2,5763
80.97,5764
53.21,5765
73.17,5766
53.21,5767
55.24,5768
60.31,5769
61.67,577
35.61,5770
50.16,5771
63.7,5772
72.16,5773
49.15,5774
47.12,5775
52.19,5776
62.68,5777
66.74,5778
55.24,5779
67.08,578
62.68,5780
55.24,5781
62.68,5782
47.12,5783
60.65,5784
79.6,5785
70.13,5786
84.68,5787
52.53,5788
70.13,5789
66.74,579
70.13,5790
69.11,5791
76.56,5792
34.94,5793
58.62,5794
57.61,5795
61.67,5796
58.62,5797
66.07,5798
41.7,5799
38.66,58
68.77,580
69.11,5800
72.16,5801
61.67,5802
76.56,5803
74.19,5804
73.17,5805
69.11,5806
67.08,5807
59.64,5808
71.14,5809
69.79,581
65.73,5810
72.16,5811
58.62,5812
64.71,5813
63.7,5814
50.16,5815
66.74,5816
56.59,5817
71.14,5818
50.16,5819
55.24,582
52.19,5820
65.73,5821
62.68,5822
44.75,5823
46.1,5824
51.52,5825
53.21,5826
43.73,5827
61.67,5828
70.13,5829
56.25,583
54.22,5830
55.24,5831
52.19,5832
54.22,5833
59.64,5834
50.16,5835
57.61,5836
47.12,5837
74.19,5838
63.7,5839
50.16,584
64.71,5840
66.07,5841
56.59,5842
64.71,5843
57.61,5844
62.68,5845
64.71,5846
63.7,5847
57.61,5848
74.19,5849
54.22,585
74.19,5850
69.79,5851
57.27,5852
62.68,5853
56.25,5854
53.21,5855
58.62,5856
48.13,5857
55.24,5858
64.71,5859
65.73,586
60.65,5860
53.55,5861
59.64,5862
,5863
50.16,5864
52.19,5865
52.19,5866
61.67,5867
68.1,5868
66.74,5869
63.7,587
60.65,5870
69.11,5871
61.68,5872
,5873
63.7,5874
45.09,5875
66.74,5876
62.68,5877
55.24,5878
47.12,5879
43.73,588
66.07,5880
56.59,5881
58.28,5882
53.21,5883
34.6,5884
54.22,5885
63.7,5886
77.57,5887
35.27,5888
48.81,5889
60.65,589
26.81,5890
55.58,5891
43.73,5892
45.76,5893
46.1,5894
40.34,5895
61.67,5896
51.18,5897
55.24,5898
42.72,5899
61.67,59
40.69,590
44.41,5900
55.92,5901
60.65,5902
68.1,5903
72.16,5904
69.11,5905
77.23,5906
44.41,5907
68.1,5908
59.3,5909
65.73,591
81.63,5910
61.67,5911
55.24,5912
71.14,5913
56.26,5914
70.13,5915
70.13,5916
61.67,5917
77.57,5918
75.2,5919
48.13,592
56.59,5920
70.47,5921
64.71,5922
61.67,5923
41.7,5924
52.19,5925
64.71,5926
46.1,5927
54.22,5928
53.21,5929
41.7,593
53.21,5930
64.71,5931
66.74,5932
44.75,5933
39.67,5934
63.02,5935
74.19,5936
40.69,5937
51.18,5938
49.15,5939
63.7,594
50.16,5940
65.73,5941
57.61,5942
55.58,5943
61.67,5944
57.61,5945
40.69,5946
54.22,5947
48.13,5948
40.69,5949
63.7,595
41.7,5950
51.18,5951
59.64,5952
63.7,5953
60.65,5954
53.21,5955
61.67,5956
62.68,5957
57.61,5958
54.22,5959
53.21,596
59.64,5960
53.21,5961
56.25,5962
71.14,5963
78.25,5964
66.74,5965
54.22,5966
41.7,5967
55.58,5968
57.61,5969
53.21,597
30.2,5970
38.66,5971
48.81,5972
72.16,5973
64.71,5974
59.64,5975
67.76,5976
55.24,5977
54.22,5978
76.22,5979
65.73,598
68.1,5980
63.7,5981
66.07,5982
54.22,5983
69.11,5984
69.11,5985
60.65,5986
60.65,5987
72.16,5988
61.67,5989
63.7,599
67.08,5990
61.67,5991
,5992
43.06,5993
47.12,5994
53.21,5995
49.15,5996
53.21,5997
65.73,5998
53.21,5999
74.19,6
66.74,60
66.74,600
48.13,6000
65.73,6001
63.7,6002
54.22,6003
49.16,6004
46.1,6005
66.74,6006
61.67,6007
,6008
71.14,6009
59.64,601
52.19,6010
59.64,6011
54.22,6012
45.76,6013
69.11,6014
37.3,6015
31.21,6016
47.12,6017
52.19,6018
48.13,6019
63.7,602
55.24,6020
51.85,6021
55.58,6022
57.61,6023
86.71,6024
40.34,6025
61.67,6026
45.09,6027
50.16,6028
16.66,6029
52.19,603
41.7,6030
79.6,6031
62.68,6032
61.67,6033
67.08,6034
69.11,6035
72.16,6036
81.63,6037
44.75,6038
74.19,6039
51.18,604
66.74,6040
47.12,6041
63.02,6042
62.68,6043
81.63,6044
74.19,6045
73.17,6046
70.13,6047
53.21,6048
51.18,6049
62.68,605
58.62,6050
53.21,6051
67.08,6052
55.24,6053
57.61,6054
41.7,6055
53.21,6056
58.62,6057
64.71,6058
63.7,6059
42.72,606
65.73,6060
56.59,6061
60.65,6062
48.13,6063
42.72,6064
50.16,6065
54.22,6066
63.7,6067
52.19,6068
44.07,6069
60.65,607
57.61,6070
62.68,6071
62.68,6072
56.59,6073
55.24,6074
40.69,6075
36.63,6076
57.61,6077
41.7,6078
55.24,6079
46.78,608
36.63,6080
45.09,6081
51.18,6082
37.64,6083
59.64,6084
57.61,6085
58.62,6086
62.68,6087
61.67,6088
70.13,6089
77.23,609
47.79,6090
57.27,6091
69.11,6092
74.19,6093
61.67,6094
72.16,6095
80.28,6096
61.67,6097
59.3,6098
49.15,6099
62.68,61
55.24,610
61.67,6100
33.58,6101
60.65,6102
43.73,6103
48.13,6104
74.19,6105
43.73,6106
63.7,6107
65.73,6108
71.14,6109
59.64,611
65.05,6110
55.24,6111
44.75,6112
62.68,6113
51.18,6114
69.11,6115
65.73,6116
70.13,6117
72.16,6118
74.19,6119
53.21,612
56.25,6120
65.73,6121
73.17,6122
74.19,6123
64.71,6124
77.23,6125
68.77,6126
70.13,6127
49.49,6128
78.59,6129
60.65,613
73.17,6130
73.17,6131
64.71,6132
74.19,6133
73.17,6134
55.24,6135
65.73,6136
,6137
62.68,6138
69.11,6139
66.74,614
61.67,6140
57.61,6141
66.74,6142
67.76,6143
9.92,6144
65.73,6145
,6146
64.71,6147
57.27,6148
64.71,6149
57.27,615
69.11,6150
68.1,6151
,6152
66.74,6153
58.28,6154
43.73,6155
56.25,6156
51.18,6157
53.55,6158
54.22,6159
60.65,616
42.72,6160
63.7,6161
62.68,6162
55.24,6163
57.27,6164
56.25,6165
56.25,6166
72.16,6167
71.14,6168
69.11,6169
68.1,617
96.52,6170
93.48,6171
66.74,6172
69.11,6173
65.73,6174
60.65,6175
72.16,6176
67.08,6177
75.2,6178
49.49,6179
62.68,618
43.73,6180
69.11,6181
61.67,6182
59.64,6183
65.05,6184
72.16,6185
72.16,6186
59.64,6187
74.19,6188
60.65,6189
56.25,619
68.1,6190
58.62,6191
72.16,6192
57.27,6193
71.14,6194
58.62,6195
63.7,6196
66.07,6197
57.61,6198
64.71,6199
71.14,62
53.21,620
59.64,6200
70.13,6201
53.21,6202
56.59,6203
48.13,6204
72.16,6205
50.16,6206
51.18,6207
55.91,6208
66.07,6209
57.61,621
39.67,6210
32.57,6211
57.61,6212
64.04,6213
42.72,6214
41.7,6215
38.66,6216
38.66,6217
58.62,6218
51.18,6219
54.22,622
52.19,6220
63.7,6221
46.1,6222
58.62,6223
47.12,6224
42.72,6225
51.18,6226
45.09,6227
56.25,6228
37.64,6229
45.76,623
41.7,6230
43.73,6231
54.22,6232
37.64,6233
51.18,6234
48.13,6235
48.13,6236
46.1,6237
67.76,6238
59.3,6239
58.62,624
48.13,6240
55.24,6241
53.21,6242
55.58,6243
71.14,6244
51.18,6245
61.67,6246
51.18,6247
51.18,6248
55.24,6249
50.16,625
74.19,6250
59.3,6251
66.74,6252
65.73,6253
50.16,6254
75.2,6255
73.17,6256
69.11,6257
50.16,6258
63.7,6259
52.19,626
69.11,6260
74.19,6261
76.22,6262
69.79,6263
45.09,6264
53.21,6265
57.61,6266
55.24,6267
67.76,6268
37.64,6269
67.76,627
46.1,6270
60.31,6271
83.66,6272
53.21,6273
62.68,6274
48.47,6275
58.62,6276
,6277
58.62,6278
52.19,6279
53.21,628
53.21,6280
57.61,6281
55.58,6282
62.68,6283
51.52,6284
52.53,6285
59.64,6286
44.07,6287
64.71,6288
83.66,6289
71.14,629
67.76,6290
65.73,6291
60.65,6292
60.65,6293
46.78,6294
58.62,6295
64.71,6296
-5.31,6297
63.7,6298
74.19,6299
75.2,63
58.28,630
60.65,6300
63.7,6301
52.19,6302
52.19,6303
54.22,6304
53.21,6305
35.61,6306
85.69,6307
59.64,6308
45.76,6309
42.04,631
62.68,6310
41.7,6311
34.26,6312
63.7,6313
57.27,6314
57.61,6315
45.76,6316
66.74,6317
63.7,6318
70.13,6319
57.61,632
60.65,6320
70.13,6321
67.08,6322
87.72,6323
75.54,6324
49.49,6325
61.67,6326
70.13,6327
60.65,6328
67.08,6329
64.71,633
72.16,6330
62.68,6331
61.67,6332
81.63,6333
81.63,6334
60.99,6335
60.32,6336
73.17,6337
65.73,6338
56.25,6339
59.64,634
53.21,6340
69.11,6341
63.7,6342
72.16,6343
81.63,6344
73.17,6345
51.18,6346
67.76,6347
61.67,6348
31.55,6349
60.65,635
64.71,6350
47.12,6351
48.13,6352
49.15,6353
67.76,6354
43.73,6355
62.68,6356
50.16,6357
44.75,6358
43.73,6359
64.71,636
46.1,6360
36.28,6361
70.13,6362
62.68,6363
62.68,6364
62.68,6365
64.71,6366
53.21,6367
50.16,6368
44.75,6369
64.71,637
53.21,6370
42.72,6371
52.87,6372
58.28,6373
65.73,6374
58.62,6375
55.24,6376
42.72,6377
40.69,6378
50.16,6379
53.21,638
52.19,6380
36.28,6381
47.12,6382
59.64,6383
42.72,6384
39.67,6385
33.92,6386
43.73,6387
58.62,6388
39.67,6389
58.28,639
62.68,6390
64.04,6391
53.21,6392
62.68,6393
57.61,6394
61.67,6395
53.55,6396
47.46,6397
78.25,6398
55.58,6399
70.13,64
,640
54.22,6400
72.16,6401
79.26,6402
77.23,6403
58.28,6404
66.07,6405
56.59,6406
48.13,6407
55.24,6408
55.24,6409
55.24,641
55.24,6410
58.62,6411
57.61,6412
42.72,6413
78.59,6414
61.67,6415
70.13,6416
62.68,6417
75.2,6418
38.99,6419
53.21,642
69.11,6420
76.91,6421
73.17,6422
67.08,6423
68.1,6424
50.16,6425
63.7,6426
76.22,6427
,6428
66.74,6429
58.28,643
55.24,6430
44.07,6431
41.7,6432
56.25,6433
53.21,6434
60.65,6435
61.67,6436
50.16,6437
53.21,6438
37.3,6439
59.64,644
53.21,6440
70.13,6441
38.66,6442
46.78,6443
56.25,6444
59.3,6445
59.64,6446
71.14,6447
68.1,6448
61.67,6449
46.78,645
59.64,6450
71.14,6451
70.13,6452
66.07,6453
68.1,6454
73.17,6455
73.17,6456
64.71,6457
81.63,6458
60.65,6459
58.28,646
64.71,6460
75.2,6461
62.68,6462
61.67,6463
59.98,6464
67.76,6465
74.19,6466
71.14,6467
74.19,6468
81.63,6469
66.74,647
48.13,6470
63.7,6471
46.1,6472
49.49,6473
64.71,6474
56.25,6475
74.19,6476
64.71,6477
50.5,6478
43.06,6479
55.58,648
42.04,6480
59.64,6481
54.22,6482
55.24,6483
59.64,6484
40.01,6485
73.17,6486
66.74,6487
54.22,6488
50.16,6489
49.15,649
58.62,6490
52.53,6491
52.19,6492
56.59,6493
53.21,6494
51.18,6495
50.16,6496
57.61,6497
62.68,6498
61.67,6499
70.13,65
47.12,650
51.18,6500
53.21,6501
49.15,6502
42.72,6503
53.21,6504
49.15,6505
61.67,6506
58.62,6507
73.17,6508
53.21,6509
74.19,651
61.67,6510
62.68,6511
46.78,6512
64.71,6513
69.11,6514
84.68,6515
75.2,6516
61.67,6517
62.68,6518
77.23,6519
50.16,652
58.62,6520
63.7,6521
72.16,6522
71.14,6523
63.7,6524
87.72,6525
58.28,6526
60.65,6527
69.11,6528
61.67,6529
58.28,653
45.09,6530
52.19,6531
48.13,6532
54.56,6533
70.8,6534
39.67,6535
61.67,6536
68.1,6537
59.64,6538
73.17,6539
54.22,654
56.59,6540
54.56,6541
52.19,6542
57.61,6543
62.68,6544
49.49,6545
61.67,6546
58.62,6547
59.64,6548
63.7,6549
67.76,655
57.27,6550
52.19,6551
72.16,6552
56.25,6553
50.16,6554
64.71,6555
73.17,6556
55.24,6557
75.2,6558
84.68,6559
69.79,656
76.22,6560
54.22,6561
72.16,6562
64.71,6563
73.17,6564
56.59,6565
72.16,6566
71.14,6567
75.2,6568
73.17,6569
61.67,657
63.7,6570
74.19,6571
87.72,6572
61.67,6573
,6574
74.19,6575
52.19,6576
73.17,6577
63.7,6578
71.48,6579
57.61,658
51.85,6580
87.72,6581
60.65,6582
72.16,6583
49.49,6584
83.66,6585
58.62,6586
70.13,6587
65.73,6588
63.7,6589
52.19,659
55.24,6590
58.62,6591
69.11,6592
62.68,6593
45.09,6594
47.12,6595
60.65,6596
58.62,6597
44.07,6598
62.68,6599
68.1,66
65.73,660
67.08,6600
67.08,6601
91.78,6602
82.31,6603
91.78,6604
89.75,6605
69.11,6606
81.98,6607
75.2,6608
51.18,6609
48.13,661
,6610
69.11,6611
73.17,6612
76.22,6613
66.74,6614
57.61,6615
51.18,6616
72.16,6617
39.67,6618
52.19,6619
51.18,662
71.14,6620
57.61,6621
63.7,6622
55.24,6623
42.72,6624
53.21,6625
47.12,6626
77.23,6627
62.68,6628
45.76,6629
56.25,663
37.64,6630
39.67,6631
68.1,6632
66.07,6633
60.65,6634
78.25,6635
73.17,6636
62.68,6637
66.74,6638
62.68,6639
58.62,664
55.58,6640
57.61,6641
68.44,6642
70.13,6643
74.19,6644
69.11,6645
71.14,6646
79.6,6647
71.14,6648
74.19,6649
59.64,665
68.1,6650
74.19,6651
73.17,6652
60.65,6653
73.17,6654
70.13,6655
67.76,6656
80.62,6657
61.67,6658
65.73,6659
51.18,666
61.67,6660
56.25,6661
66.07,6662
57.61,6663
73.17,6664
74.19,6665
69.11,6666
66.74,6667
59.64,6668
57.61,6669
56.59,667
50.16,6670
62.68,6671
72.16,6672
63.7,6673
59.64,6674
58.62,6675
49.15,6676
63.7,6677
62.68,6678
58.62,6679
64.71,668
62.68,6680
52.19,6681
58.62,6682
42.72,6683
57.61,6684
60.65,6685
55.24,6686
59.64,6687
74.19,6688
63.36,6689
64.71,669
73.17,6690
33.24,6691
47.12,6692
51.18,6693
59.64,6694
68.1,6695
50.16,6696
50.5,6697
37.64,6698
52.19,6699
48.47,67
62.68,670
57.61,6700
52.19,6701
60.65,6702
60.65,6703
74.19,6704
59.64,6705
59.64,6706
38.66,6707
55.58,6708
51.18,6709
57.61,671
48.81,6710
73.17,6711
51.18,6712
54.22,6713
49.15,6714
61.67,6715
52.19,6716
,6717
83.66,6718
53.21,6719
53.21,672
55.58,6720
38.66,6721
51.18,6722
55.24,6723
71.14,6724
68.1,6725
59.64,6726
71.14,6727
54.22,6728
65.73,6729
61.67,673
64.71,6730
63.7,6731
58.62,6732
51.18,6733
51.18,6734
48.13,6735
55.24,6736
60.65,6737
54.56,6738
62.68,6739
59.64,674
72.16,6740
62.68,6741
,6742
,6743
40.69,6744
35.61,6745
50.16,6746
64.71,6747
40.69,6748
64.04,6749
54.22,675
84.68,6750
58.62,6751
72.16,6752
51.18,6753
72.16,6754
65.73,6755
62.68,6756
62.68,6757
48.13,6758
58.62,6759
74.19,676
37.64,6760
,6761
,6762
,6763
,6764
,6765
,6766
,6767
,6768
,6769
56.25,677
,6770
,6771
,6772
,6773
,6774
,6775
,6776
,6777
,6778
,6779
67.76,678
,6780
,6781
,6782
,6783
,6784
,6785
,6786
,6787
,6788
,6789
58.28,679
,6790
,6791
,6792
,6793
,6794
,6795
,6796
,6797
,6798
,6799
94.15,68
61.67,680
,6800
,6801
,6802
,6803
,6804
,6805
,6806
,6807
,6808
,6809
40.69,681
,6810
,6811
,6812
,6813
,6814
,6815
,6816
,6817
,6818
,6819
51.18,682
,6820
,6821
,6822
,6823
,6824
,6825
,6826
,6827
,6828
,6829
67.08,683
,6830
,6831
,6832
,6833
,6834
,6835
,6836
,6837
,6838
,6839
48.13,684
,6840
,6841
,6842
,6843
,6844
,6845
,6846
,6847
,6848
,6849
57.61,685
,6850
,6851
,6852
,6853
,6854
,6855
,6856
,6857
,6858
,6859
74.19,686
,6860
,6861
,6862
,6863
,6864
,6865
,6866
,6867
,6868
,6869
56.25,687
,6870
,6871
,6872
,6873
,6874
,6875
,6876
,6877
,6878
,6879
54.22,688
,6880
,6881
,6882
,6883
,6884
,6885
,6886
,6887
,6888
,6889
47.12,689
,6890
,6891
,6892
,6893
,6894
,6895
,6896
,6897
,6898
,6899
63.7,69
62.68,690
,6900
,6901
,6902
,6903
,6904
,6905
,6906
,6907
,6908
,6909
51.18,691
,6910
,6911
,6912
,6913
,6914
,6915
,6916
,6917
,6918
,6919
56.25,692
,6920
,6921
,6922
,6923
,6924
,6925
,6926
,6927
,6928
,6929
63.7,693
,6930
,6931
,6932
,6933
,6934
,6935
,6936
,6937
,6938
,6939
60.65,694
,6940
,6941
,6942
,6943
,6944
,6945
,6946
,6947
,6948
,6949
69.11,695
,6950
,6951
,6952
,6953
,6954
,6955
,6956
,6957
,6958
,6959
59.64,696
,6960
,6961
,6962
,6963
,6964
,6965
,6966
,6967
,6968
,6969
56.25,697
,6970
,6971
,6972
,6973
,6974
,6975
,6976
,6977
,6978
,6979
67.76,698
,6980
,6981
,6982
,6983
,6984
,6985
,6986
,6987
,6988
,6989
46.78,699
,6990
,6991
,6992
,6993
,6994
,6995
,6996
,6997
,6998
,6999
72.16,7
74.19,70
33.58,700
,7000
,7001
,7002
,7003
,7004
,7005
,7006
,7007
,7008
,7009
66.74,701
,7010
,7011
,7012
,7013
,7014
,7015
,7016
,7017
,7018
,7019
55.58,702
,7020
,7021
,7022
,7023
,7024
,7025
,7026
,7027
,7028
,7029
61.67,703
,7030
,7031
,7032
,7033
,7034
,7035
,7036
,7037
,7038
,7039
37.64,704
,7040
,7041
,7042
,7043
,7044
,7045
,7046
,7047
,7048
,7049
63.7,705
,7050
,7051
,7052
,7053
,7054
,7055
,7056
,7057
,7058
,7059
43.73,706
,7060
,7061
,7062
,7063
,7064
,7065
,7066
,7067
,7068
,7069
48.13,707
,7070
,7071
,7072
,7073
,7074
,7075
,7076
,7077
,7078
,7079
54.22,708
,7080
,7081
,7082
,7083
,7084
,7085
,7086
,7087
,7088
,7089
48.13,709
,7090
,7091
,7092
,7093
,7094
,7095
,7096
,7097
,7098
,7099
57.61,71
65.73,710
,7100
,7101
,7102
,7103
,7104
,7105
,7106
,7107
,7108
,7109
45.76,711
,7110
,7111
,7112
,7113
,7114
,7115
,7116
,7117
,7118
,7119
56.25,712
,7120
,7121
,7122
,7123
,7124
,7125
,7126
,7127
,7128
,7129
55.24,713
,7130
,7131
,7132
,7133
,7134
,7135
,7136
,7137
,7138
,7139
48.13,714
,7140
,7141
,7142
,7143
,7144
,7145
,7146
,7147
,7148
,7149
53.21,715
,7150
,7151
,7152
,7153
,7154
,7155
,7156
,7157
,7158
,7159
66.74,716
,7160
,7161
,7162
,7163
,7164
,7165
,7166
,7167
,7168
,7169
46.1,717
,7170
,7171
,7172
,7173
,7174
,7175
,7176
,7177
,7178
,7179
57.61,718
,7180
,7181
,7182
,7183
,7184
,7185
,7186
,7187
,7188
,7189
47.12,719
,7190
,7191
,7192
,7193
,7194
,7195
,7196
,7197
,7198
,7199
58.62,72
63.7,720
,7200
,7201
,7202
,7203
,7204
,7205
,7206
,7207
,7208
,7209
53.21,721
,7210
,7211
,7212
,7213
,7214
,7215
,7216
,7217
,7218
,7219
54.22,722
,7220
,7221
,7222
,7223
,7224
,7225
,7226
,7227
,7228
,7229
44.75,723
,7230
,7231
,7232
,7233
,7234
,7235
,7236
,7237
,7238
,7239
70.13,724
,7240
,7241
,7242
,7243
,7244
,7245
,7246
,7247
,7248
,7249
38.66,725
,7250
,7251
,7252
,7253
,7254
,7255
,7256
,7257
,7258
,7259
49.15,726
,7260
,7261
,7262
,7263
,7264
,7265
,7266
,7267
,7268
,7269
51.18,727
,7270
,7271
,7272
,7273
,7274
,7275
,7276
,7277
,7278
,7279
50.16,728
,7280
,7281
,7282
,7283
,7284
,7285
,7286
,7287
,7288
,7289
61.67,729
,7290
,7291
,7292
,7293
,7294
,7295
,7296
,7297
,7298
,7299
54.56,73
32.57,730
,7300
,7301
,7302
,7303
,7304
,7305
,7306
,7307
,7308
,7309
53.21,731
,7310
,7311
,7312
,7313
,7314
,7315
,7316
,7317
,7318
,7319
55.24,732
,7320
,7321
,7322
,7323
,7324
,7325
,7326
,7327
,7328
,7329
60.31,733
,7330
,7331
,7332
,7333
,7334
,7335
,7336
,7337
,7338
,7339
47.12,734
,7340
,7341
,7342
,7343
,7344
,7345
,7346
,7347
,7348
,7349
31.55,735
,7350
,7351
,7352
,7353
,7354
,7355
,7356
,7357
,7358
,7359
67.08,736
,7360
,7361
,7362
,7363
,7364
,7365
,7366
,7367
,7368
51.18,737
49.15,738
17.68,739
55.58,74
57.61,740
50.16,741
63.7,742
41.03,743
36.63,744
28.51,745
32.57,746
43.06,747
27.49,748
44.07,749
45.76,75
28.51,750
46.1,751
39.67,752
45.09,753
20.39,754
59.64,755
26.81,756
51.18,757
48.13,758
62.68,759
59.64,76
60.65,760
80.62,761
66.07,762
58.28,763
68.1,764
63.7,765
56.59,766
71.14,767
59.64,768
63.02,769
69.11,77
41.7,770
49.15,771
37.3,772
59.64,773
52.19,774
43.06,775
49.15,776
24.45,777
49.15,778
41.7,779
72.16,78
37.64,780
62.68,781
59.64,782
47.12,783
61.67,784
71.14,785
49.15,786
48.13,787
51.18,788
44.75,789
57.61,79
70.13,790
40.69,791
50.16,792
42.04,793
54.56,794
50.16,795
41.7,796
42.72,797
32.57,798
44.07,799
71.14,8
43.06,80
50.16,800
52.19,801
46.78,802
52.53,803
53.21,804
42.72,805
55.58,806
49.15,807
52.19,808
49.15,809
43.06,81
50.16,810
58.62,811
41.7,812
66.74,813
41.7,814
47.12,815
50.16,816
60.65,817
46.1,818
60.65,819
45.09,82
49.15,820
,821
60.65,822
,823
76.22,824
52.19,825
66.74,826
66.74,827
,828
52.19,829
,83
39.67,830
43.73,831
,832
43.73,833
,834
50.16,835
59.64,836
,837
41.7,838
59.64,839
60.65,84
62.68,840
,841
43.73,842
,843
49.15,844
46.1,845
54.22,846
43.73,847
,848
54.22,849
77.23,85
43.73,850
,851
,852
74.19,853
47.12,854
43.73,855
52.19,856
,857
,858
56.59,859
54.56,86
42.72,860
61.67,861
55.58,862
63.7,863
51.18,864
,865
50.16,866
58.62,867
65.73,868
62.68,869
81.63,87
,870
56.25,871
57.61,872
,873
52.19,874
53.21,875
,876
61.67,877
,878
50.16,879
67.08,88
55.24,880
51.18,881
69.11,882
64.71,883
63.7,884
,885
51.18,886
48.13,887
71.14,888
51.18,889
45.76,89
,890
60.65,891
48.13,892
,893
62.68,894
52.19,895
43.73,896
50.16,897
41.7,898
,899
83.66,9
57.61,90
50.16,900
58.62,901
63.7,902
60.65,903
42.72,904
,905
44.07,906
52.19,907
61.67,908
62.68,909
61.67,91
55.24,910
53.21,911
66.74,912
42.72,913
51.18,914
30.54,915
42.72,916
54.22,917
36.28,918
41.03,919
64.71,92
55.58,920
46.78,921
54.22,922
51.18,923
59.64,924
40.69,925
54.56,926
41.03,927
38.66,928
64.71,929
48.13,93
52.53,930
71.14,931
47.79,932
55.58,933
40.69,934
33.24,935
48.47,936
48.13,937
68.1,938
59.64,939
52.53,94
31.21,940
53.21,941
50.16,942
64.71,943
44.75,944
68.1,945
85.69,946
59.64,947
55.58,948
48.13,949
70.13,95
62.68,950
64.71,951
47.12,952
66.07,953
73.17,954
57.61,955
,956
55.58,957
46.1,958
55.58,959
68.1,96
52.53,960
66.07,961
41.03,962
71.48,963
65.73,964
48.13,965
53.21,966
52.19,967
54.56,968
53.55,969
68.1,97
42.04,970
69.11,971
,972
50.16,973
54.22,974
60.65,975
61.67,976
52.19,977
59.98,978
49.49,979
48.13,98
65.73,980
33.58,981
59.64,982
61.67,983
49.15,984
53.55,985
54.56,986
51.18,987
67.42,988
76.56,989
61.67,99
50.16,990
69.11,991
60.65,992
55.58,993
69.11,994
55.58,995
,996
54.56,997
44.07,998
44.75,999
