flesch-kincaid_score,index_value
62.01,1
72.16,10
56.59,100
50.5,1000
54.56,1001
65.05,1002
49.15,1003
55.58,1004
60.65,1005
46.1,1006
70.13,1007
65.05,1008
49.49,1009
70.13,101
71.14,1010
54.56,1011
62.01,1012
60.99,1013
54.22,1014
71.14,1015
49.15,1016
52.53,1017
50.5,1018
76.56,1019
53.21,102
49.49,1020
66.07,1021
49.49,1022
42.04,1023
68.1,1024
47.12,1025
57.61,1026
61.67,1027
65.05,1028
49.15,1029
54.22,103
68.1,1030
48.13,1031
36.28,1032
66.07,1033
54.56,1034
52.53,1035
59.64,1036
48.13,1037
68.1,1038
51.52,1039
47.79,104
58.96,1040
67.08,1041
71.14,1042
56.59,1043
58.62,1044
49.15,1045
59.64,1046
61.67,1047
48.13,1048
64.71,1049
51.52,105
53.21,1050
53.21,1051
58.62,1052
57.61,1053
51.18,1054
69.11,1055
67.08,1056
50.16,1057
67.08,1058
61.67,1059
73.17,106
55.24,1060
49.15,1061
49.15,1062
52.19,1063
58.62,1064
47.12,1065
61.67,1066
39.67,1067
53.21,1068
77.23,1069
49.15,107
85.69,1070
65.73,1071
90.77,1072
54.56,1073
79.26,1074
85.69,1075
79.26,1076
72.16,1077
54.56,1078
87.72,1079
80.62,108
75.2,1080
58.28,1081
85.69,1082
87.72,1083
68.1,1084
76.22,1085
73.17,1086
60.65,1087
67.76,1088
85.69,1089
60.65,109
94.15,1090
98.21,1091
54.56,1092
68.77,1093
85.69,1094
87.72,1095
68.77,1096
53.21,1097
86.71,1098
85.69,1099
58.62,11
55.24,110
67.76,1100
87.72,1101
56.59,1102
67.76,1103
85.69,1104
86.71,1105
72.16,1106
116.15,1107
59.64,1108
77.23,1109
60.65,111
85.69,1110
78.25,1111
68.1,1112
68.77,1113
66.74,1114
49.15,1115
68.77,1116
85.69,1117
87.72,1118
97.2,1119
34.94,112
59.64,1120
77.23,1121
85.69,1122
86.71,1123
67.76,1124
61.67,1125
86.71,1126
85.69,1127
87.72,1128
89.75,1129
61.67,113
54.56,1130
60.31,1131
85.69,1132
72.16,1133
71.14,1134
116.15,1135
49.15,1136
69.79,1137
85.69,1138
87.72,1139
81.63,114
65.05,1140
61.67,1141
77.23,1142
72.16,1143
87.72,1144
85.69,1145
77.23,1146
66.74,1147
61.67,1148
64.71,1149
67.76,115
85.69,1150
66.74,1151
80.28,1152
49.15,1153
68.77,1154
85.69,1155
75.2,1156
116.15,1157
62.68,1158
71.48,1159
60.65,116
78.25,1160
62.68,1161
85.69,1162
78.25,1163
90.77,1164
61.67,1165
84.68,1166
85.69,1167
56.59,1168
70.8,1169
46.1,117
58.62,1170
72.16,1171
86.71,1172
74.19,1173
60.31,1174
85.69,1175
47.12,1176
85.69,1177
67.76,1178
62.68,1179
55.24,118
86.71,1180
85.69,1181
38.66,1182
76.22,1183
80.28,1184
59.64,1185
77.23,1186
85.69,1187
57.61,1188
86.71,1189
59.64,119
88.74,1190
50.16,1191
86.71,1192
85.69,1193
61.67,1194
99.23,1195
52.19,1196
60.65,1197
,1198
75.2,1199
69.11,12
53.55,120
58.28,1200
65.73,1201
63.7,1202
,1203
,1204
71.14,1205
,1206
60.65,1207
,1208
74.19,1209
72.16,121
,1210
72.16,1211
,1212
64.71,1213
,1214
75.2,1215
,1216
74.19,1217
,1218
,1219
69.11,122
74.19,1220
76.22,1221
,1222
65.73,1223
,1224
63.7,1225
,1226
53.21,1227
,1228
,1229
62.68,123
73.17,1230
62.68,1231
66.74,1232
55.24,1233
,1234
63.7,1235
,1236
72.16,1237
,1238
71.14,1239
47.79,124
,1240
46.44,1241
62.68,1242
57.61,1243
58.62,1244
50.16,1245
60.65,1246
57.61,1247
58.62,1248
72.16,1249
66.74,125
72.16,1250
60.65,1251
58.62,1252
60.65,1253
57.61,1254
59.64,1255
59.64,1256
51.18,1257
50.16,1258
40.01,1259
61.67,126
65.73,1260
57.61,1261
56.59,1262
57.61,1263
52.53,1264
58.62,1265
57.61,1266
39.0,1267
63.02,1268
61.67,1269
67.76,127
46.1,1270
63.7,1271
63.7,1272
55.58,1273
49.15,1274
58.62,1275
55.58,1276
52.19,1277
55.58,1278
59.64,1279
51.18,128
68.1,1280
53.55,1281
48.13,1282
61.67,1283
56.59,1284
57.61,1285
47.46,1286
45.09,1287
61.67,1288
65.05,1289
66.07,129
53.55,1290
52.53,1291
57.27,1292
51.18,1293
58.62,1294
56.59,1295
61.67,1296
61.67,1297
61.67,1298
55.58,1299
74.19,13
59.98,130
58.62,1300
49.15,1301
47.12,1302
58.62,1303
54.22,1304
53.21,1305
66.07,1306
58.62,1307
46.1,1308
61.67,1309
57.27,131
67.08,1310
52.19,1311
53.21,1312
56.59,1313
55.58,1314
62.68,1315
51.52,1316
58.62,1317
44.07,1318
64.71,1319
47.12,132
47.12,1320
57.61,1321
61.67,1322
65.73,1323
63.7,1324
51.18,1325
62.68,1326
66.74,1327
62.68,1328
52.19,1329
68.1,133
55.24,1330
66.07,1331
54.22,1332
38.66,1333
74.19,1334
74.19,1335
71.14,1336
63.7,1337
74.19,1338
73.17,1339
77.23,134
64.71,1340
72.16,1341
63.7,1342
64.71,1343
65.73,1344
73.17,1345
48.13,1346
58.62,1347
61.67,1348
57.95,1349
71.14,135
67.76,1350
66.74,1351
59.64,1352
82.65,1353
57.61,1354
58.62,1355
49.15,1356
59.64,1357
69.11,1358
60.65,1359
35.95,136
53.55,1360
58.62,1361
50.16,1362
60.65,1363
59.64,1364
74.19,1365
71.14,1366
41.7,1367
56.59,1368
43.06,1369
63.7,137
58.62,1370
49.15,1371
65.73,1372
76.22,1373
70.13,1374
61.67,1375
44.07,1376
67.08,1377
69.11,1378
62.68,1379
60.65,138
49.15,1380
63.7,1381
59.64,1382
59.64,1383
52.19,1384
82.65,1385
56.59,1386
69.11,1387
32.22,1388
41.7,1389
69.11,139
49.15,1390
63.7,1391
77.23,1392
71.14,1393
60.65,1394
52.19,1395
63.7,1396
76.56,1397
65.05,1398
64.04,1399
62.68,14
48.13,140
71.14,1400
75.2,1401
53.21,1402
64.04,1403
71.14,1404
59.64,1405
56.59,1406
57.61,1407
68.1,1408
77.57,1409
61.67,141
86.71,1410
71.14,1411
56.25,1412
81.63,1413
70.13,1414
74.19,1415
62.68,1416
68.1,1417
64.71,1418
75.54,1419
35.95,142
54.56,1420
80.62,1421
81.63,1422
65.05,1423
72.16,1424
56.59,1425
70.13,1426
64.71,1427
61.67,1428
62.68,1429
65.73,143
82.65,1430
78.59,1431
70.13,1432
67.08,1433
73.17,1434
65.05,1435
74.19,1436
74.19,1437
74.19,1438
65.73,1439
60.99,144
81.63,1440
74.19,1441
73.17,1442
62.68,1443
56.25,1444
70.13,1445
56.59,1446
60.65,1447
63.7,1448
59.64,1449
65.73,145
59.64,1450
56.25,1451
56.25,1452
52.19,1453
53.21,1454
63.7,1455
75.2,1456
51.52,1457
54.56,1458
76.56,1459
40.01,146
73.17,1460
83.66,1461
73.17,1462
74.19,1463
74.53,1464
72.16,1465
77.57,1466
73.17,1467
73.17,1468
77.57,1469
60.65,147
77.57,1470
65.05,1471
81.63,1472
76.22,1473
71.14,1474
86.71,1475
52.19,1476
68.1,1477
77.57,1478
83.66,1479
77.57,148
71.14,1480
72.16,1481
74.53,1482
71.14,1483
70.13,1484
72.16,1485
82.65,1486
70.13,1487
65.05,1488
60.65,1489
47.79,149
60.65,1490
71.14,1491
72.16,1492
90.09,1493
61.67,1494
73.51,1495
70.13,1496
71.14,1497
74.19,1498
60.65,1499
68.1,15
92.12,150
68.1,1500
74.19,1501
78.59,1502
77.57,1503
68.1,1504
72.16,1505
48.13,1506
54.22,1507
64.71,1508
72.16,1509
55.58,151
62.68,1510
58.28,1511
57.61,1512
71.14,1513
84.68,1514
56.25,1515
55.24,1516
85.69,1517
64.71,1518
65.73,1519
69.11,152
51.18,1520
58.62,1521
61.67,1522
47.12,1523
72.16,1524
74.19,1525
65.73,1526
46.1,1527
58.62,1528
47.12,1529
59.64,153
50.16,1530
61.67,1531
66.74,1532
60.65,1533
53.21,1534
49.15,1535
59.64,1536
48.13,1537
50.16,1538
51.18,1539
50.16,154
47.12,1540
56.25,1541
71.14,1542
39.67,1543
40.69,1544
44.75,1545
40.69,1546
60.65,1547
61.67,1548
71.14,1549
74.19,155
44.07,1550
63.02,1551
52.19,1552
47.12,1553
70.13,1554
61.67,1555
53.55,1556
46.1,1557
71.14,1558
79.6,1559
59.64,156
71.14,1560
47.12,1561
66.07,1562
63.7,1563
56.59,1564
61.67,1565
57.61,1566
61.67,1567
71.14,1568
60.65,1569
66.07,157
70.13,1570
68.1,1571
45.09,1572
72.16,1573
72.16,1574
71.14,1575
60.65,1576
60.65,1577
48.13,1578
55.24,1579
71.14,158
62.68,1580
81.63,1581
63.7,1582
71.14,1583
61.67,1584
61.67,1585
61.67,1586
66.74,1587
71.14,1588
73.17,1589
57.61,159
53.21,1590
71.14,1591
56.59,1592
62.68,1593
70.13,1594
58.62,1595
61.67,1596
61.67,1597
62.68,1598
61.67,1599
72.16,16
53.55,160
53.55,1600
56.59,1601
71.14,1602
42.72,1603
56.59,1604
74.19,1605
55.58,1606
62.68,1607
75.2,1608
70.13,1609
66.07,161
55.24,1610
48.13,1611
70.13,1612
72.16,1613
46.1,1614
47.79,1615
63.7,1616
60.65,1617
72.16,1618
66.74,1619
65.05,162
64.71,1620
58.62,1621
63.7,1622
61.67,1623
66.74,1624
63.7,1625
54.22,1626
64.71,1627
63.7,1628
32.57,1629
46.1,163
61.67,1630
52.19,1631
64.71,1632
56.25,1633
55.24,1634
53.21,1635
73.17,1636
69.11,1637
71.14,1638
64.71,1639
44.75,164
47.12,1640
64.71,1641
55.58,1642
47.12,1643
51.18,1644
45.09,1645
50.16,1646
72.16,1647
60.65,1648
35.61,1649
62.68,165
50.16,1650
74.19,1651
49.15,1652
75.2,1653
74.53,1654
67.08,1655
52.19,1656
46.44,1657
73.17,1658
48.47,1659
54.56,166
29.86,1660
58.62,1661
58.62,1662
54.56,1663
29.86,1664
67.08,1665
29.86,1666
55.58,1667
53.21,1668
56.59,1669
46.1,167
80.62,1670
53.55,1671
52.53,1672
36.97,1673
63.02,1674
74.19,1675
42.04,1676
60.65,1677
47.12,1678
29.86,1679
47.79,168
54.22,1680
52.19,1681
53.21,1682
59.64,1683
60.65,1684
72.16,1685
53.21,1686
49.15,1687
69.11,1688
45.09,1689
60.99,169
57.61,1690
58.96,1691
39.33,1692
71.14,1693
71.14,1694
57.61,1695
52.19,1696
62.68,1697
57.61,1698
69.11,1699
75.2,17
74.19,170
42.04,1700
71.14,1701
70.13,1702
60.31,1703
61.67,1704
57.61,1705
61.67,1706
46.44,1707
58.62,1708
57.61,1709
68.1,171
40.69,1710
63.7,1711
61.67,1712
80.62,1713
63.02,1714
58.62,1715
68.77,1716
49.49,1717
54.56,1718
42.72,1719
64.71,172
71.14,1720
53.55,1721
72.16,1722
59.64,1723
61.67,1724
62.68,1725
51.18,1726
51.18,1727
66.07,1728
70.8,1729
59.64,173
57.95,1730
39.0,1731
69.79,1732
68.1,1733
61.67,1734
61.67,1735
72.16,1736
80.28,1737
57.61,1738
37.98,1739
44.07,174
55.58,1740
24.45,1741
48.13,1742
68.1,1743
60.65,1744
66.74,1745
57.61,1746
59.64,1747
69.11,1748
72.16,1749
59.64,175
47.12,1750
48.47,1751
75.2,1752
76.56,1753
66.07,1754
69.11,1755
58.62,1756
59.64,1757
67.08,1758
67.08,1759
52.53,176
50.16,1760
61.67,1761
66.07,1762
54.22,1763
45.09,1764
62.01,1765
49.15,1766
51.52,1767
71.14,1768
55.58,1769
64.04,177
52.53,1770
72.16,1771
52.53,1772
66.07,1773
59.64,1774
52.19,1775
84.68,1776
57.61,1777
56.25,1778
55.24,1779
51.86,178
56.59,1780
72.16,1781
59.64,1782
58.62,1783
72.16,1784
61.67,1785
58.62,1786
61.67,1787
52.19,1788
67.08,1789
68.1,179
59.64,1790
58.62,1791
51.52,1792
56.59,1793
66.07,1794
55.58,1795
74.19,1796
57.61,1797
63.7,1798
53.55,1799
56.59,18
74.19,180
67.08,1800
63.7,1801
57.61,1802
68.1,1803
51.18,1804
66.07,1805
62.68,1806
80.62,1807
82.65,1808
47.12,1809
53.21,181
54.22,1810
68.1,1811
65.73,1812
61.67,1813
49.15,1814
57.61,1815
52.19,1816
50.16,1817
72.16,1818
65.05,1819
64.71,182
48.13,1820
36.63,1821
52.19,1822
52.19,1823
51.18,1824
61.67,1825
69.11,1826
60.65,1827
61.67,1828
63.7,1829
47.79,183
51.18,1830
54.22,1831
56.59,1832
63.7,1833
50.16,1834
82.65,1835
58.62,1836
66.74,1837
45.76,1838
57.61,1839
50.16,184
60.65,1840
62.01,1841
53.21,1842
63.7,1843
73.17,1844
62.68,1845
51.18,1846
67.76,1847
54.22,1848
72.16,1849
58.62,185
67.76,1850
74.19,1851
59.64,1852
68.1,1853
40.69,1854
47.12,1855
71.14,1856
63.7,1857
64.71,1858
55.24,1859
81.63,186
74.19,1860
65.05,1861
59.64,1862
63.7,1863
58.62,1864
62.68,1865
65.73,1866
72.16,1867
51.18,1868
63.7,1869
54.56,187
69.11,1870
69.11,1871
66.07,1872
64.04,1873
61.67,1874
51.18,1875
65.05,1876
60.65,1877
54.56,1878
55.58,1879
57.61,188
71.14,1880
62.68,1881
54.56,1882
60.65,1883
62.68,1884
27.83,1885
59.64,1886
58.62,1887
74.53,1888
51.18,1889
56.59,189
49.15,1890
46.1,1891
60.65,1892
47.12,1893
40.69,1894
65.05,1895
68.1,1896
68.1,1897
69.11,1898
43.73,1899
64.04,19
68.1,190
60.65,1900
62.68,1901
42.04,1902
74.53,1903
43.73,1904
68.1,1905
66.07,1906
62.68,1907
66.74,1908
62.68,1909
67.08,191
53.55,1910
72.16,1911
71.14,1912
58.62,1913
80.62,1914
72.16,1915
70.13,1916
53.21,1917
64.04,1918
53.55,1919
69.11,192
67.08,1920
50.16,1921
75.54,1922
62.68,1923
65.05,1924
50.16,1925
70.13,1926
59.64,1927
62.68,1928
68.1,1929
62.68,193
60.65,1930
69.11,1931
52.53,1932
41.7,1933
58.62,1934
72.16,1935
56.59,1936
64.71,1937
,1938
48.47,1939
73.17,194
39.67,1940
59.98,1941
80.62,1942
72.5,1943
85.02,1944
90.09,1945
83.66,1946
59.98,1947
62.01,1948
69.11,1949
69.11,195
83.66,1950
84.68,1951
62.01,1952
69.11,1953
70.13,1954
64.04,1955
80.62,1956
76.56,1957
78.59,1958
80.62,1959
79.6,196
65.73,1960
42.72,1961
66.74,1962
57.61,1963
73.17,1964
60.65,1965
63.7,1966
67.08,1967
51.18,1968
52.19,1969
62.68,197
46.1,1970
62.68,1971
57.61,1972
62.01,1973
55.58,1974
62.68,1975
56.25,1976
76.22,1977
52.19,1978
58.28,1979
77.57,198
59.64,1980
57.61,1981
51.18,1982
53.21,1983
56.25,1984
56.25,1985
56.25,1986
52.19,1987
72.16,1988
79.6,1989
47.79,199
48.13,1990
65.05,1991
60.65,1992
65.73,1993
53.21,1994
51.18,1995
53.21,1996
60.65,1997
39.67,1998
74.19,1999
60.99,2
74.19,20
60.65,200
71.14,2000
66.07,2001
75.2,2002
54.56,2003
60.65,2004
58.62,2005
59.64,2006
59.64,2007
73.17,2008
59.64,2009
47.12,201
67.76,2010
69.11,2011
69.11,2012
74.19,2013
71.14,2014
73.17,2015
73.17,2016
73.17,2017
55.24,2018
63.7,2019
63.7,202
71.14,2020
69.11,2021
46.1,2022
64.71,2023
69.45,2024
72.16,2025
61.67,2026
72.16,2027
63.7,2028
74.19,2029
57.61,203
75.2,2030
60.65,2031
73.17,2032
58.62,2033
51.18,2034
79.6,2035
46.1,2036
48.47,2037
63.7,2038
75.2,2039
69.11,204
76.22,2040
55.24,2041
65.73,2042
67.76,2043
51.18,2044
62.68,2045
63.7,2046
54.22,2047
51.18,2048
34.26,2049
49.15,205
40.69,2050
40.69,2051
46.1,2052
49.15,2053
44.07,2054
61.67,2055
63.7,2056
61.67,2057
85.69,2058
70.13,2059
73.17,206
69.11,2060
67.08,2061
68.1,2062
69.11,2063
63.02,2064
55.58,2065
70.13,2066
108.7,2067
65.73,2068
61.67,2069
72.16,207
71.14,2070
37.98,2071
80.62,2072
68.1,2073
78.59,2074
74.19,2075
62.68,2076
80.62,2077
63.7,2078
52.19,2079
60.65,208
51.18,2080
70.13,2081
56.59,2082
73.17,2083
72.16,2084
72.16,2085
60.65,2086
68.1,2087
55.24,2088
66.07,2089
95.17,209
74.19,2090
73.17,2091
40.01,2092
58.62,2093
52.19,2094
66.74,2095
54.9,2096
30.2,2097
49.15,2098
58.28,2099
62.68,21
71.14,210
60.65,2100
59.64,2101
55.24,2102
36.63,2103
56.25,2104
37.64,2105
68.77,2106
48.13,2107
62.68,2108
62.68,2109
74.19,211
72.16,2110
39.67,2111
46.1,2112
56.59,2113
73.17,2114
54.22,2115
52.19,2116
58.62,2117
33.58,2118
55.58,2119
72.16,212
68.1,2120
50.16,2121
53.21,2122
47.12,2123
37.64,2124
43.06,2125
75.2,2126
73.17,2127
77.23,2128
74.19,2129
95.17,213
76.22,2130
52.19,2131
45.09,2132
62.68,2133
51.18,2134
52.19,2135
60.65,2136
48.47,2137
66.07,2138
51.18,2139
67.08,214
49.15,2140
59.64,2141
61.67,2142
59.64,2143
68.1,2144
71.14,2145
60.65,2146
66.07,2147
48.13,2148
72.16,2149
62.01,215
67.76,2150
61.67,2151
56.25,2152
75.2,2153
55.58,2154
69.11,2155
63.7,2156
84.68,2157
62.68,2158
63.7,2159
95.17,216
65.73,2160
63.7,2161
64.71,2162
61.67,2163
54.22,2164
45.09,2165
60.65,2166
58.62,2167
64.71,2168
62.68,2169
72.5,217
47.12,2170
50.16,2171
83.66,2172
70.13,2173
54.22,2174
69.11,2175
64.71,2176
57.61,2177
66.74,2178
60.65,2179
65.05,218
69.11,2180
48.13,2181
78.25,2182
57.61,2183
76.56,2184
46.44,2185
62.68,2186
57.61,2187
58.62,2188
50.16,2189
95.17,219
60.65,2190
57.61,2191
58.62,2192
54.56,2193
72.16,2194
60.65,2195
58.62,2196
81.63,2197
82.65,2198
44.07,2199
65.05,22
61.67,220
59.64,2200
83.66,2201
48.47,2202
50.16,2203
62.68,2204
51.18,2205
67.76,2206
72.16,2207
73.17,2208
63.7,2209
70.13,221
41.7,2210
54.22,2211
55.24,2212
48.13,2213
59.64,2214
43.73,2215
62.68,2216
49.15,2217
42.04,2218
42.72,2219
70.13,222
70.13,2220
51.18,2221
70.8,2222
55.24,2223
56.25,2224
66.74,2225
80.62,2226
77.57,2227
77.57,2228
72.16,2229
77.57,223
72.16,2230
65.73,2231
80.62,2232
68.1,2233
60.65,2234
62.68,2235
71.14,2236
55.58,2237
80.28,2238
74.19,2239
74.53,224
74.19,2240
48.13,2241
66.74,2242
80.62,2243
57.61,2244
61.67,2245
61.67,2246
45.09,2247
75.2,2248
57.27,2249
51.18,225
51.18,2250
61.67,2251
68.1,2252
46.1,2253
50.16,2254
78.25,2255
52.19,2256
51.18,2257
47.79,2258
56.59,2259
81.63,226
56.25,2260
58.62,2261
34.26,2262
52.19,2263
44.75,2264
74.19,2265
38.66,2266
59.64,2267
49.15,2268
55.24,2269
95.17,227
26.48,2270
60.65,2271
48.13,2272
49.15,2273
51.18,2274
68.1,2275
49.15,2276
60.65,2277
55.24,2278
55.24,2279
71.48,228
55.24,2280
65.73,2281
35.61,2282
52.19,2283
39.67,2284
33.92,2285
57.61,2286
58.62,2287
53.21,2288
63.7,2289
63.7,229
59.64,2290
73.17,2291
53.21,2292
71.14,2293
70.13,2294
51.18,2295
67.08,2296
63.7,2297
85.69,2298
71.14,2299
61.67,23
52.19,230
57.61,2300
55.58,2301
49.15,2302
52.19,2303
64.71,2304
60.65,2305
69.11,2306
60.65,2307
54.22,2308
59.64,2309
51.18,231
41.7,2310
83.66,2311
70.13,2312
82.65,2313
48.47,2314
79.26,2315
57.61,2316
52.19,2317
75.2,2318
68.1,2319
56.59,232
67.76,2320
68.1,2321
48.47,2322
72.16,2323
59.64,2324
68.1,2325
54.56,2326
50.16,2327
51.18,2328
64.71,2329
61.67,233
44.07,2330
62.68,2331
42.72,2332
50.16,2333
57.27,2334
68.1,2335
45.09,2336
49.15,2337
65.73,2338
51.18,2339
53.21,234
59.3,2340
92.12,2341
71.14,2342
70.13,2343
66.07,2344
61.67,2345
73.17,2346
56.59,2347
82.65,2348
61.67,2349
61.67,235
82.65,2350
70.13,2351
55.58,2352
64.71,2353
78.59,2354
90.09,2355
55.92,2356
61.67,2357
64.71,2358
75.2,2359
37.64,236
55.58,2360
67.08,2361
55.58,2362
62.68,2363
66.07,2364
66.74,2365
59.64,2366
58.62,2367
72.16,2368
58.62,2369
55.24,237
41.7,2370
60.65,2371
52.53,2372
54.22,2373
44.75,2374
51.18,2375
55.24,2376
49.15,2377
60.65,2378
59.64,2379
39.67,238
50.16,2380
38.66,2381
50.16,2382
35.61,2383
60.65,2384
52.19,2385
52.19,2386
45.09,2387
52.19,2388
45.09,2389
52.19,239
74.19,2390
58.28,2391
52.19,2392
52.19,2393
53.21,2394
38.66,2395
32.57,2396
49.15,2397
41.03,2398
54.22,2399
56.59,24
58.62,240
61.67,2400
73.17,2401
66.74,2402
74.19,2403
77.23,2404
65.05,2405
54.22,2406
61.67,2407
55.24,2408
60.65,2409
36.63,241
73.17,2410
73.17,2411
77.23,2412
66.07,2413
65.73,2414
72.16,2415
75.2,2416
68.1,2417
59.64,2418
70.13,2419
65.73,242
59.64,2420
64.04,2421
56.59,2422
70.13,2423
69.11,2424
36.63,2425
58.62,2426
70.8,2427
56.25,2428
69.11,2429
55.58,243
77.23,2430
53.55,2431
48.81,2432
55.58,2433
57.61,2434
54.56,2435
59.64,2436
82.65,2437
80.62,2438
53.21,2439
64.71,244
59.64,2440
78.59,2441
57.61,2442
59.64,2443
65.05,2444
59.64,2445
54.56,2446
62.68,2447
45.76,2448
72.16,2449
60.99,245
43.73,2450
36.28,2451
51.18,2452
46.1,2453
62.68,2454
64.71,2455
61.67,2456
40.69,2457
73.17,2458
61.67,2459
68.1,246
55.24,2460
99.56,2461
61.67,2462
77.23,2463
73.17,2464
48.13,2465
55.24,2466
54.22,2467
62.68,2468
76.22,2469
57.27,247
57.27,2470
62.68,2471
55.24,2472
55.24,2473
54.22,2474
69.11,2475
72.83,2476
75.2,2477
74.53,2478
61.67,2479
48.13,248
73.17,2480
76.22,2481
76.22,2482
58.62,2483
74.19,2484
66.74,2485
63.7,2486
60.65,2487
70.8,2488
67.76,2489
64.71,249
85.69,2490
75.2,2491
66.74,2492
77.23,2493
53.21,2494
62.34,2495
65.73,2496
50.84,2497
50.84,2498
69.79,2499
39.34,25
62.01,250
68.77,2500
67.76,2501
66.74,2502
60.31,2503
66.74,2504
59.3,2505
69.79,2506
77.23,2507
68.77,2508
60.31,2509
68.77,251
67.76,2510
83.66,2511
68.77,2512
59.3,2513
61.33,2514
50.84,2515
67.76,2516
52.19,2517
71.14,2518
64.71,2519
62.68,252
67.08,2520
63.02,2521
46.44,2522
59.64,2523
70.13,2524
64.71,2525
73.17,2526
64.71,2527
59.64,2528
55.58,2529
64.71,253
75.2,2530
47.46,2531
73.17,2532
70.13,2533
55.58,2534
57.61,2535
55.24,2536
62.68,2537
58.62,2538
53.21,2539
73.17,254
53.21,2540
55.58,2541
63.7,2542
56.59,2543
56.25,2544
72.16,2545
74.19,2546
100.24,2547
90.77,2548
100.24,2549
60.65,255
90.77,2550
69.11,2551
62.68,2552
65.73,2553
67.08,2554
,2555
77.57,2556
57.61,2557
89.08,2558
64.04,2559
50.16,256
48.47,2560
74.19,2561
59.64,2562
47.12,2563
79.6,2564
50.16,2565
67.08,2566
72.16,2567
52.19,2568
50.16,2569
63.7,257
46.1,2570
72.16,2571
69.11,2572
46.78,2573
71.14,2574
51.18,2575
52.19,2576
51.18,2577
79.6,2578
88.06,2579
57.61,258
71.14,2580
88.06,2581
88.06,2582
86.03,2583
97.53,2584
100.58,2585
68.44,2586
75.2,2587
70.13,2588
71.14,2589
65.05,259
77.57,2590
66.07,2591
51.18,2592
59.64,2593
71.14,2594
64.04,2595
80.62,2596
69.11,2597
71.14,2598
75.54,2599
68.1,26
59.64,260
81.63,2600
79.6,2601
71.14,2602
69.11,2603
83.66,2604
79.6,2605
79.6,2606
81.63,2607
73.17,2608
79.6,2609
54.22,261
79.6,2610
56.59,2611
72.16,2612
67.08,2613
65.05,2614
29.18,2615
61.67,2616
62.68,2617
51.18,2618
67.08,2619
41.7,262
60.65,2620
53.55,2621
46.1,2622
73.17,2623
81.63,2624
66.07,2625
58.62,2626
67.08,2627
61.67,2628
4.82,2629
55.58,263
61.67,2630
64.71,2631
72.16,2632
54.22,2633
83.66,2634
41.7,2635
40.69,2636
54.22,2637
53.21,2638
62.68,2639
53.21,264
48.13,2640
60.65,2641
64.71,2642
47.12,2643
61.67,2644
45.09,2645
48.13,2646
49.15,2647
39.67,2648
59.64,2649
58.62,265
52.19,2650
53.21,2651
66.74,2652
64.71,2653
58.62,2654
69.11,2655
55.24,2656
60.65,2657
50.16,2658
69.11,2659
59.64,266
68.1,2660
58.62,2661
71.14,2662
81.63,2663
38.66,2664
38.66,2665
39.67,2666
50.16,2667
59.64,2668
62.68,2669
51.18,267
61.67,2670
61.67,2671
73.17,2672
53.55,2673
60.65,2674
71.14,2675
56.25,2676
47.45,2677
53.21,2678
83.66,2679
72.16,268
60.65,2680
60.65,2681
64.71,2682
74.53,2683
74.19,2684
71.14,2685
56.59,2686
48.47,2687
72.16,2688
60.65,2689
71.14,269
68.1,2690
61.67,2691
71.14,2692
54.22,2693
47.12,2694
64.71,2695
63.7,2696
44.07,2697
58.62,2698
60.65,2699
72.16,27
61.67,270
54.56,2700
53.21,2701
62.68,2702
61.67,2703
50.16,2704
52.19,2705
47.79,2706
63.7,2707
72.5,2708
68.1,2709
53.21,271
71.14,2710
80.62,2711
68.1,2712
59.64,2713
58.96,2714
69.11,2715
72.16,2716
59.64,2717
66.07,2718
70.13,2719
53.21,272
81.63,2720
81.63,2721
62.68,2722
65.73,2723
68.1,2724
68.1,2725
71.14,2726
79.6,2727
57.61,2728
64.71,2729
73.17,273
60.65,2730
52.19,2731
63.7,2732
55.58,2733
73.17,2734
71.14,2735
38.66,2736
50.16,2737
53.21,2738
61.67,2739
48.13,274
56.25,2740
57.61,2741
54.22,2742
53.21,2743
36.63,2744
71.14,2745
57.61,2746
49.15,2747
59.64,2748
81.63,2749
41.7,275
65.73,2750
60.65,2751
58.62,2752
73.17,2753
61.67,2754
58.62,2755
57.61,2756
58.62,2757
64.71,2758
81.63,2759
57.61,276
62.68,2760
81.63,2761
72.16,2762
78.25,2763
56.59,2764
52.19,2765
70.13,2766
62.68,2767
64.71,2768
74.19,2769
60.65,277
58.62,2770
72.16,2771
47.12,2772
69.11,2773
55.24,2774
61.67,2775
37.64,2776
59.3,2777
40.35,2778
50.16,2779
54.22,278
57.61,2780
64.71,2781
60.65,2782
75.2,2783
61.67,2784
76.22,2785
71.14,2786
60.65,2787
73.17,2788
48.47,2789
62.68,279
56.25,2790
67.76,2791
59.64,2792
25.8,2793
55.58,2794
49.15,2795
61.67,2796
54.22,2797
49.15,2798
42.72,2799
65.05,28
63.7,280
52.19,2800
44.75,2801
70.13,2802
53.21,2803
60.65,2804
40.69,2805
49.15,2806
55.24,2807
85.69,2808
35.27,2809
71.14,281
60.65,2810
59.64,2811
49.15,2812
56.59,2813
67.08,2814
62.68,2815
52.19,2816
57.61,2817
59.64,2818
65.73,2819
72.16,282
72.16,2820
53.55,2821
48.13,2822
70.13,2823
61.67,2824
68.1,2825
71.14,2826
69.11,2827
51.52,2828
60.65,2829
60.65,283
79.6,2830
66.07,2831
58.62,2832
71.14,2833
72.16,2834
67.08,2835
71.14,2836
77.57,2837
80.62,2838
54.22,2839
55.58,284
54.22,2840
60.65,2841
80.62,2842
74.19,2843
75.2,2844
62.68,2845
58.62,2846
61.67,2847
51.18,2848
42.72,2849
59.64,285
60.65,2850
61.67,2851
52.19,2852
63.7,2853
55.58,2854
65.73,2855
27.83,2856
44.07,2857
49.15,2858
55.58,2859
41.7,286
61.67,2860
52.19,2861
45.09,2862
68.1,2863
50.16,2864
45.09,2865
49.49,2866
50.16,2867
70.13,2868
64.71,2869
57.61,287
59.64,2870
58.62,2871
73.17,2872
62.68,2873
51.52,2874
66.07,2875
69.11,2876
73.17,2877
55.58,2878
69.11,2879
46.1,288
77.57,2880
78.59,2881
59.64,2882
76.22,2883
60.65,2884
67.76,2885
52.19,2886
58.62,2887
49.15,2888
39.67,2889
61.67,289
59.64,2890
58.62,2891
64.04,2892
50.16,2893
47.12,2894
54.22,2895
72.16,2896
68.77,2897
62.68,2898
62.68,2899
71.14,29
64.71,290
48.13,2900
82.65,2901
63.7,2902
57.61,2903
70.13,2904
69.11,2905
51.18,2906
56.59,2907
73.17,2908
61.67,2909
61.67,291
70.13,2910
54.56,2911
52.19,2912
71.14,2913
59.64,2914
70.13,2915
59.64,2916
59.64,2917
51.18,2918
60.65,2919
72.16,292
59.64,2920
56.59,2921
79.26,2922
66.74,2923
47.12,2924
48.47,2925
75.2,2926
73.17,2927
65.05,2928
53.55,2929
56.59,293
64.71,2930
64.71,2931
55.58,2932
71.14,2933
55.58,2934
70.8,2935
68.1,2936
59.64,2937
59.64,2938
39.67,2939
43.06,294
52.19,2940
61.67,2941
27.15,2942
63.7,2943
55.24,2944
66.07,2945
49.15,2946
59.3,2947
62.68,2948
49.82,2949
59.64,295
78.59,2950
99.56,2951
115.47,2952
77.57,2953
67.76,2954
60.65,2955
65.05,2956
66.07,2957
56.59,2958
71.14,2959
58.62,296
70.13,2960
54.22,2961
69.11,2962
73.17,2963
70.13,2964
70.13,2965
81.63,2966
74.19,2967
75.2,2968
73.17,2969
50.16,297
80.62,2970
63.7,2971
55.24,2972
46.44,2973
88.74,2974
70.13,2975
58.62,2976
81.63,2977
77.57,2978
75.2,2979
49.15,298
68.1,2980
58.62,2981
50.16,2982
60.65,2983
61.33,2984
56.59,2985
64.71,2986
61.67,2987
51.18,2988
63.02,2989
55.24,299
51.18,2990
74.19,2991
49.15,2992
54.22,2993
58.62,2994
74.19,2995
43.06,2996
51.52,2997
63.7,2998
40.69,2999
64.04,3
69.11,30
61.67,300
56.59,3000
31.55,3001
74.19,3002
56.25,3003
53.55,3004
65.73,3005
62.68,3006
52.19,3007
53.21,3008
46.44,3009
64.71,301
42.72,3010
52.19,3011
61.67,3012
74.19,3013
58.62,3014
59.64,3015
51.18,3016
60.65,3017
71.14,3018
63.7,3019
44.75,302
78.25,3020
67.76,3021
55.24,3022
66.74,3023
52.19,3024
48.13,3025
73.17,3026
49.15,3027
49.15,3028
77.23,3029
60.65,303
64.71,3030
72.16,3031
45.09,3032
50.16,3033
60.65,3034
63.7,3035
62.68,3036
52.53,3037
51.18,3038
61.67,3039
60.65,304
76.22,3040
45.09,3041
74.19,3042
72.16,3043
61.67,3044
57.61,3045
67.08,3046
57.61,3047
71.14,3048
71.14,3049
63.7,305
62.68,3050
61.67,3051
70.13,3052
76.22,3053
65.73,3054
73.17,3055
72.16,3056
70.13,3057
73.17,3058
52.87,3059
57.27,306
75.2,3060
52.19,3061
68.1,3062
62.68,3063
72.16,3064
61.67,3065
64.71,3066
68.77,3067
72.16,3068
62.68,3069
54.22,307
62.68,3070
45.09,3071
63.7,3072
85.69,3073
49.15,3074
48.47,3075
63.7,3076
43.39,3077
77.23,3078
73.17,3079
56.25,308
51.18,3080
75.2,3081
60.65,3082
64.71,3083
66.07,3084
38.31,3085
62.68,3086
70.13,3087
43.73,3088
59.64,3089
57.61,309
58.62,3090
58.62,3091
62.68,3092
61.67,3093
61.67,3094
67.76,3095
81.63,3096
54.22,3097
49.82,3098
63.7,3099
67.08,31
46.1,310
49.15,3100
78.59,3101
71.14,3102
66.07,3103
73.17,3104
67.08,3105
71.14,3106
74.19,3107
65.73,3108
42.04,3109
46.1,311
61.67,3110
64.71,3111
73.17,3112
70.13,3113
80.62,3114
66.07,3115
54.22,3116
64.71,3117
74.19,3118
69.11,3119
71.14,312
44.75,3120
69.11,3121
70.13,3122
69.11,3123
62.68,3124
72.16,3125
60.65,3126
68.1,3127
66.07,3128
40.34,3129
43.73,313
41.7,3130
51.18,3131
58.62,3132
43.73,3133
71.14,3134
44.07,3135
50.16,3136
63.7,3137
50.16,3138
60.65,3139
43.06,314
65.73,3140
74.19,3141
39.67,3142
51.52,3143
38.66,3144
61.67,3145
61.67,3146
42.04,3147
59.64,3148
46.1,3149
67.76,315
46.1,3150
37.64,3151
37.64,3152
46.1,3153
46.78,3154
47.46,3155
57.61,3156
58.62,3157
55.24,3158
57.27,3159
65.73,316
48.13,3160
47.12,3161
43.06,3162
52.19,3163
53.55,3164
77.23,3165
59.64,3166
71.14,3167
66.74,3168
48.13,3169
40.69,317
48.13,3170
61.67,3171
60.65,3172
51.18,3173
44.07,3174
57.61,3175
59.64,3176
63.7,3177
77.57,3178
72.16,3179
68.1,318
74.19,3180
66.74,3181
53.21,3182
65.73,3183
75.2,3184
73.17,3185
76.22,3186
65.73,3187
59.98,3188
56.59,3189
61.67,319
64.04,3190
70.13,3191
59.64,3192
83.66,3193
86.71,3194
72.16,3195
66.74,3196
69.11,3197
63.7,3198
42.04,3199
52.19,32
41.7,320
50.16,3200
63.7,3201
55.24,3202
65.73,3203
58.62,3204
64.71,3205
69.11,3206
83.66,3207
76.22,3208
68.77,3209
59.64,321
54.56,3210
45.09,3211
50.16,3212
40.01,3213
65.73,3214
57.61,3215
56.59,3216
57.61,3217
52.53,3218
66.07,3219
57.61,322
58.62,3220
57.61,3221
77.23,3222
53.55,3223
39.0,3224
63.02,3225
61.67,3226
46.1,3227
63.7,3228
63.7,3229
60.65,323
61.67,3230
51.18,3231
65.05,3232
61.67,3233
63.7,3234
78.59,3235
69.11,3236
59.64,3237
48.47,3238
71.14,3239
60.65,324
74.19,3240
71.14,3241
51.18,3242
59.64,3243
63.7,3244
60.65,3245
43.73,3246
54.22,3247
57.27,3248
51.18,3249
43.06,325
49.15,3250
52.19,3251
51.18,3252
71.14,3253
48.13,3254
53.21,3255
54.22,3256
63.7,3257
62.68,3258
56.25,3259
52.19,326
77.23,3260
57.61,3261
70.13,3262
73.17,3263
67.08,3264
60.65,3265
70.13,3266
73.17,3267
68.77,3268
82.65,3269
58.62,327
79.6,3270
66.07,3271
67.08,3272
57.61,3273
78.59,3274
82.65,3275
83.66,3276
57.27,3277
63.7,3278
61.67,3279
58.62,328
71.14,3280
71.14,3281
62.68,3282
72.16,3283
58.62,3284
67.08,3285
50.16,3286
62.68,3287
63.7,3288
61.67,3289
64.71,329
57.61,3290
61.67,3291
62.68,3292
61.67,3293
55.58,3294
64.71,3295
58.62,3296
60.65,3297
46.1,3298
56.59,3299
72.16,33
53.21,330
55.24,3300
56.59,3301
59.64,3302
65.73,3303
73.17,3304
47.12,3305
53.21,3306
52.19,3307
44.07,3308
41.7,3309
47.12,331
74.19,3310
62.68,3311
46.1,3312
51.18,3313
63.7,3314
54.22,3315
62.68,3316
68.1,3317
47.12,3318
45.09,3319
50.16,332
56.59,3320
43.06,3321
51.18,3322
50.16,3323
64.71,3324
69.11,3325
72.16,3326
53.21,3327
62.68,3328
66.07,3329
54.22,333
67.08,3330
55.58,3331
57.61,3332
62.68,3333
77.23,3334
61.33,3335
63.7,3336
49.15,3337
49.15,3338
60.65,3339
61.67,334
52.19,3340
72.16,3341
46.1,3342
68.1,3343
63.7,3344
64.71,3345
65.73,3346
61.67,3347
64.04,3348
59.64,3349
69.11,335
63.7,3350
57.61,3351
48.47,3352
72.16,3353
77.23,3354
73.17,3355
55.24,3356
52.19,3357
49.15,3358
50.16,3359
65.05,336
60.65,3360
55.58,3361
63.7,3362
64.71,3363
47.79,3364
39.67,3365
48.13,3366
42.72,3367
56.25,3368
68.1,3369
50.16,337
81.63,3370
74.19,3371
64.71,3372
81.63,3373
70.13,3374
62.68,3375
75.54,3376
71.14,3377
69.11,3378
61.67,3379
54.22,338
62.01,3380
70.13,3381
73.17,3382
68.1,3383
80.62,3384
82.65,3385
56.59,3386
65.73,3387
44.75,3388
62.01,3389
61.67,339
48.81,3390
63.7,3391
68.1,3392
52.19,3393
60.65,3394
70.13,3395
56.25,3396
59.64,3397
54.22,3398
66.74,3399
69.11,34
85.69,340
46.78,3400
73.17,3401
53.21,3402
58.62,3403
66.74,3404
62.68,3405
55.24,3406
59.64,3407
65.73,3408
44.07,3409
66.74,341
51.18,3410
48.81,3411
56.25,3412
62.68,3413
47.46,3414
52.19,3415
36.63,3416
55.58,3417
49.15,3418
34.6,3419
72.16,342
70.13,3420
37.64,3421
58.62,3422
48.13,3423
46.1,3424
38.66,3425
60.65,3426
61.67,3427
54.22,3428
45.09,3429
65.73,343
60.65,3430
50.16,3431
37.64,3432
70.13,3433
59.64,3434
69.11,3435
65.73,3436
74.19,3437
58.62,3438
55.58,3439
72.16,344
63.7,3440
65.05,3441
51.18,3442
72.16,3443
38.31,3444
81.63,3445
72.16,3446
78.59,3447
76.22,3448
66.07,3449
62.68,345
58.62,3450
70.13,3451
68.1,3452
63.7,3453
72.16,3454
65.73,3455
68.1,3456
50.16,3457
68.1,3458
55.58,3459
63.7,346
53.55,3460
49.15,3461
68.77,3462
73.17,3463
60.65,3464
65.05,3465
68.1,3466
45.09,3467
59.64,3468
56.59,3469
49.15,347
53.21,3470
33.92,3471
55.58,3472
56.59,3473
55.58,3474
49.49,3475
57.61,3476
63.7,3477
53.55,3478
60.65,3479
55.24,348
87.72,3480
72.16,3481
45.76,3482
70.13,3483
74.19,3484
75.2,3485
60.65,3486
51.18,3487
55.24,3488
61.67,3489
65.73,349
51.18,3490
79.6,3491
76.22,3492
61.67,3493
57.27,3494
93.14,3495
80.62,3496
70.13,3497
61.67,3498
73.17,3499
59.64,35
58.28,350
74.19,3500
58.62,3501
68.1,3502
65.73,3503
77.23,3504
57.27,3505
60.31,3506
61.33,3507
68.77,3508
69.79,3509
74.53,351
74.19,3510
66.74,3511
61.33,3512
67.76,3513
68.77,3514
78.25,3515
69.79,3516
67.76,3517
77.23,3518
64.71,3519
58.28,352
61.33,3520
59.3,3521
59.3,3522
68.77,3523
59.3,3524
69.79,3525
66.74,3526
68.77,3527
69.79,3528
67.76,3529
52.19,353
67.76,3530
78.25,3531
72.16,3532
68.77,3533
72.16,3534
70.13,3535
55.58,3536
62.68,3537
52.19,3538
72.16,3539
51.18,354
66.07,3540
70.13,3541
60.65,3542
66.07,3543
68.1,3544
70.13,3545
,3546
72.16,3547
53.21,3548
72.16,3549
58.28,355
72.16,3550
53.55,3551
72.16,3552
81.63,3553
47.12,3554
56.25,3555
56.59,3556
77.57,3557
62.68,3558
57.61,3559
73.17,356
56.59,3560
56.59,3561
62.68,3562
58.62,3563
71.14,3564
75.2,3565
58.62,3566
67.08,3567
82.65,3568
100.24,3569
71.14,357
89.75,3570
100.24,3571
90.77,3572
73.17,3573
75.2,3574
48.47,3575
57.61,3576
73.17,3577
70.13,3578
71.14,3579
58.28,358
82.65,3580
60.65,3581
46.1,3582
50.16,3583
63.7,3584
47.12,3585
73.17,3586
56.59,3587
50.16,3588
58.62,3589
72.16,359
57.61,3590
56.25,3591
56.59,3592
61.67,3593
61.67,3594
61.67,3595
61.67,3596
43.73,3597
67.08,3598
73.17,3599
74.19,36
58.28,360
63.7,3600
72.16,3601
80.62,3602
49.15,3603
48.13,3604
61.67,3605
81.63,3606
87.05,3607
77.57,3608
83.66,3609
71.14,361
89.08,3610
88.06,3611
86.03,3612
87.05,3613
79.6,3614
62.68,3615
78.59,3616
73.17,3617
74.19,3618
68.1,3619
63.7,362
72.16,3620
72.16,3621
79.6,3622
73.17,3623
61.67,3624
80.62,3625
79.6,3626
73.17,3627
90.09,3628
57.61,3629
58.28,363
76.56,3630
72.16,3631
68.1,3632
36.29,3633
79.6,3634
70.13,3635
82.65,3636
81.63,3637
75.2,3638
74.53,3639
58.28,364
27.15,3640
68.77,3641
87.05,3642
70.13,3643
49.15,3644
67.08,3645
75.54,3646
63.7,3647
54.56,3648
83.66,3649
72.16,365
85.69,3650
41.7,3651
45.09,3652
72.16,3653
72.16,3654
71.14,3655
60.65,3656
54.22,3657
72.16,3658
41.03,3659
72.16,366
59.64,3660
54.56,3661
67.08,3662
79.6,3663
64.04,3664
70.13,3665
68.1,3666
64.71,3667
59.64,3668
61.67,3669
63.7,367
69.11,3670
59.64,3671
71.14,3672
55.58,3673
45.09,3674
49.15,3675
61.67,3676
49.15,3677
58.62,3678
70.13,3679
44.07,368
48.13,3680
66.07,3681
39.67,3682
52.19,3683
49.49,3684
59.64,3685
56.59,3686
58.62,3687
50.16,3688
72.16,3689
64.71,369
72.16,3690
56.25,3691
62.68,3692
75.2,3693
40.69,3694
56.59,3695
72.16,3696
64.04,3697
64.71,3698
68.1,3699
47.12,37
58.28,370
64.04,3700
56.59,3701
85.69,3702
61.67,3703
13.96,3704
49.15,3705
53.21,3706
53.21,3707
39.67,3708
54.22,3709
67.08,371
48.13,3710
62.68,3711
58.62,3712
61.67,3713
65.73,3714
57.61,3715
63.7,3716
70.13,3717
62.68,3718
52.19,3719
58.28,372
72.16,3720
60.65,3721
63.7,3722
60.65,3723
47.45,3724
82.65,3725
76.56,3726
67.08,3727
60.65,3728
71.14,3729
64.71,373
48.47,3730
60.65,3731
116.15,3732
59.64,3733
73.17,3734
72.16,3735
82.65,3736
40.69,3737
37.3,3738
50.16,3739
64.71,374
57.61,3740
56.25,3741
60.65,3742
59.64,3743
55.24,3744
55.24,3745
55.24,3746
57.61,3747
53.21,3748
52.19,3749
58.28,375
46.1,3750
66.07,3751
76.22,3752
71.14,3753
70.13,3754
73.17,3755
72.16,3756
68.1,3757
79.6,3758
82.65,3759
79.6,376
70.13,3760
71.14,3761
81.63,3762
74.19,3763
79.6,3764
76.56,3765
67.08,3766
81.63,3767
71.14,3768
38.66,3769
58.28,377
61.67,3770
62.68,3771
60.65,3772
72.16,3773
51.18,3774
49.15,3775
36.63,3776
58.62,3777
114.45,3778
61.67,3779
58.28,378
49.15,3780
50.16,3781
52.19,3782
82.65,3783
59.64,3784
52.19,3785
46.1,3786
61.67,3787
53.21,3788
60.65,3789
72.16,379
57.61,3790
62.68,3791
68.1,3792
44.07,3793
80.62,3794
72.16,3795
58.62,3796
50.16,3797
87.72,3798
63.7,3799
47.12,38
93.14,380
54.22,3800
72.16,3801
69.11,3802
55.24,3803
71.14,3804
49.15,3805
80.62,3806
30.2,3807
53.21,3808
62.68,3809
80.62,381
76.56,3810
33.24,3811
55.24,3812
49.15,3813
75.2,3814
48.13,3815
60.65,3816
48.47,3817
63.7,3818
61.67,3819
45.42,382
60.65,3820
58.28,3821
80.62,3822
55.58,3823
72.16,3824
77.23,3825
66.07,3826
64.71,3827
63.7,3828
58.62,3829
75.2,383
44.75,3830
57.27,3831
33.92,3832
64.71,3833
62.68,3834
64.71,3835
49.15,3836
45.09,3837
43.73,3838
39.67,3839
68.1,384
55.24,3840
63.36,3841
51.18,3842
58.28,3843
56.25,3844
47.12,3845
60.65,3846
52.19,3847
45.09,3848
60.31,3849
79.26,385
60.65,3850
75.2,3851
54.22,3852
31.21,3853
57.61,3854
69.79,3855
79.6,3856
73.17,3857
71.14,3858
70.13,3859
72.16,386
71.14,3860
76.56,3861
66.07,3862
70.13,3863
61.67,3864
60.65,3865
56.59,3866
76.56,3867
75.2,3868
37.64,3869
46.44,387
49.15,3870
79.6,3871
58.62,3872
75.54,3873
81.63,3874
49.15,3875
28.17,3876
57.61,3877
68.1,3878
72.16,3879
61.67,388
43.73,3880
52.19,3881
46.1,3882
42.72,3883
42.72,3884
50.16,3885
49.15,3886
68.1,3887
65.73,3888
67.76,3889
84.68,389
64.71,3890
63.7,3891
35.27,3892
46.1,3893
49.15,3894
58.28,3895
56.25,3896
45.09,3897
31.55,3898
47.12,3899
56.59,39
54.56,390
52.19,3900
50.16,3901
56.25,3902
54.22,3903
39.67,3904
62.68,3905
56.59,3906
38.66,3907
61.67,3908
52.19,3909
79.6,391
59.64,3910
42.72,3911
51.52,3912
51.18,3913
43.06,3914
41.03,3915
56.59,3916
63.7,3917
56.59,3918
61.67,3919
53.88,392
54.22,3920
60.65,3921
68.1,3922
52.19,3923
73.17,3924
58.62,3925
72.16,3926
53.55,3927
66.74,3928
65.05,3929
53.88,393
70.13,3930
53.21,3931
78.25,3932
53.21,3933
57.27,3934
56.59,3935
61.67,3936
66.74,3937
43.06,3938
61.67,3939
72.16,394
74.19,3940
70.13,3941
72.16,3942
48.81,3943
63.7,3944
61.67,3945
62.68,3946
71.14,3947
71.14,3948
74.19,3949
68.1,395
67.08,3950
70.13,3951
82.65,3952
69.11,3953
50.16,3954
51.18,3955
72.16,3956
63.7,3957
62.68,3958
63.7,3959
46.44,396
55.58,3960
49.15,3961
70.13,3962
74.19,3963
59.64,3964
59.64,3965
71.14,3966
48.47,3967
63.7,3968
59.64,3969
82.65,397
63.7,3970
76.22,3971
50.16,3972
58.62,3973
73.17,3974
60.65,3975
63.7,3976
64.71,3977
57.61,3978
63.02,3979
84.68,398
54.56,3980
61.67,3981
55.24,3982
41.7,3983
43.73,3984
53.21,3985
39.67,3986
53.21,3987
53.21,3988
53.88,3989
63.7,399
62.68,3990
65.73,3991
92.12,3992
104.98,3993
89.08,3994
44.07,3995
72.16,3996
39.67,3997
81.63,3998
71.14,3999
58.62,4
68.1,40
84.68,400
72.16,4000
73.17,4001
76.22,4002
80.62,4003
60.65,4004
69.11,4005
62.68,4006
72.16,4007
65.05,4008
47.12,4009
82.65,401
65.05,4010
73.17,4011
73.17,4012
58.62,4013
61.67,4014
60.65,4015
61.67,4016
59.64,4017
65.73,4018
67.08,4019
64.71,402
50.16,4020
50.16,4021
74.19,4022
50.16,4023
63.7,4024
52.53,4025
72.83,4026
34.6,4027
45.43,4028
33.58,4029
77.57,403
64.71,4030
60.65,4031
50.16,4032
42.72,4033
38.66,4034
63.7,4035
60.65,4036
61.67,4037
51.18,4038
59.64,4039
63.7,404
59.64,4040
44.75,4041
46.1,4042
58.62,4043
45.09,4044
59.64,4045
61.67,4046
72.16,4047
55.24,4048
70.13,4049
84.68,405
74.19,4050
83.66,4051
72.16,4052
60.65,4053
63.7,4054
56.59,4055
76.22,4056
65.73,4057
55.24,4058
43.06,4059
65.73,406
45.09,4060
38.66,4061
71.14,4062
62.68,4063
53.21,4064
53.21,4065
52.19,4066
51.18,4067
70.13,4068
66.74,4069
75.2,407
64.71,4070
51.18,4071
61.67,4072
57.61,4073
62.68,4074
75.2,4075
64.04,4076
74.19,4077
83.66,4078
68.1,4079
74.19,408
68.1,4080
72.16,4081
64.71,4082
72.16,4083
64.71,4084
61.67,4085
69.11,4086
62.68,4087
78.59,4088
71.14,4089
84.68,409
74.19,4090
56.25,4091
73.17,4092
74.19,4093
72.16,4094
74.53,4095
61.67,4096
66.74,4097
73.17,4098
63.7,4099
61.67,41
81.63,410
71.14,4100
52.19,4101
62.68,4102
52.19,4103
48.47,4104
46.1,4105
51.18,4106
68.1,4107
76.22,4108
50.16,4109
75.2,411
77.23,4110
42.38,4111
75.2,4112
60.65,4113
61.67,4114
65.73,4115
60.65,4116
60.65,4117
57.27,4118
48.47,4119
84.68,412
51.18,4120
61.67,4121
46.78,4122
45.09,4123
63.7,4124
52.19,4125
57.61,4126
73.17,4127
56.25,4128
40.34,4129
57.61,413
64.04,4130
65.73,4131
56.59,4132
72.16,4133
71.14,4134
71.14,4135
70.13,4136
72.16,4137
82.65,4138
60.31,4139
84.68,414
74.19,4140
73.17,4141
63.7,4142
60.65,4143
63.7,4144
61.67,4145
57.27,4146
77.23,4147
59.3,4148
73.17,4149
76.22,415
68.1,4150
73.17,4151
60.65,4152
71.14,4153
70.13,4154
64.71,4155
62.68,4156
69.11,4157
68.1,4158
67.08,4159
84.68,416
64.71,4160
70.13,4161
60.65,4162
71.14,4163
60.65,4164
60.65,4165
71.14,4166
47.12,4167
51.18,4168
65.73,4169
84.68,417
60.65,4170
25.8,4171
33.58,4172
52.19,4173
64.71,4174
55.58,4175
58.62,4176
55.24,4177
58.62,4178
51.18,4179
61.67,418
46.1,4180
51.18,4181
51.18,4182
52.53,4183
36.63,4184
72.16,4185
53.21,4186
59.64,4187
49.15,4188
58.62,4189
84.68,419
45.09,4190
49.15,4191
65.73,4192
52.19,4193
47.12,4194
38.66,4195
55.24,4196
77.23,4197
66.74,4198
67.76,4199
47.79,42
72.16,420
46.1,4200
81.63,4201
47.12,4202
52.19,4203
45.76,4204
53.21,4205
54.22,4206
50.16,4207
74.19,4208
65.73,4209
84.68,421
65.73,4210
75.2,4211
73.17,4212
73.17,4213
57.61,4214
56.59,4215
52.19,4216
73.17,4217
84.68,4218
74.19,4219
77.23,422
85.69,4220
63.7,4221
60.65,4222
58.62,4223
44.07,4224
63.7,4225
72.16,4226
59.64,4227
61.67,4228
44.07,4229
75.2,423
48.13,4230
64.71,4231
52.19,4232
39.67,4233
66.74,4234
66.07,4235
54.56,4236
58.62,4237
40.69,4238
62.68,4239
78.59,424
58.62,4240
55.58,4241
52.19,4242
55.58,4243
59.64,4244
68.1,4245
53.55,4246
48.13,4247
61.67,4248
56.59,4249
75.2,425
57.61,4250
54.56,4251
47.46,4252
45.09,4253
61.67,4254
77.23,4255
74.19,4256
73.17,4257
61.67,4258
48.47,4259
84.68,426
56.25,4260
60.65,4261
60.65,4262
69.11,4263
63.7,4264
73.17,4265
63.7,4266
47.12,4267
70.13,4268
73.17,4269
51.18,427
83.66,4270
53.21,4271
48.47,4272
53.21,4273
46.78,4274
67.08,4275
63.7,4276
44.07,4277
62.68,4278
59.64,4279
76.22,428
53.21,4280
50.16,4281
63.7,4282
53.21,4283
49.49,4284
64.04,4285
80.62,4286
56.59,4287
69.11,4288
70.13,4289
63.7,429
70.13,4290
65.05,4291
79.6,4292
85.69,4293
59.64,4294
79.6,4295
58.62,4296
58.62,4297
69.11,4298
80.62,4299
47.79,43
62.68,430
68.1,4300
68.1,4301
60.65,4302
78.59,4303
71.14,4304
62.01,4305
70.13,4306
73.17,4307
64.71,4308
64.04,4309
60.65,431
73.17,4310
65.73,4311
67.08,4312
61.67,4313
53.21,4314
63.7,4315
50.16,4316
55.24,4317
60.65,4318
63.7,4319
84.68,432
52.19,4320
48.13,4321
77.23,4322
48.81,4323
45.76,4324
55.58,4325
51.18,4326
63.7,4327
50.16,4328
60.65,4329
84.68,433
62.68,4330
47.12,4331
56.59,4332
45.09,4333
50.5,4334
60.65,4335
37.98,4336
44.07,4337
61.67,4338
65.73,4339
84.68,434
55.58,4340
49.15,4341
56.93,4342
46.1,4343
53.55,4344
51.18,4345
69.11,4346
57.61,4347
51.18,4348
37.98,4349
84.68,435
43.73,4350
52.53,4351
51.18,4352
49.15,4353
50.16,4354
65.73,4355
49.15,4356
50.16,4357
70.13,4358
54.22,4359
83.66,436
56.59,4360
68.1,4361
52.19,4362
55.58,4363
71.14,4364
77.23,4365
64.71,4366
48.13,4367
47.12,4368
62.68,4369
80.62,437
52.19,4370
55.24,4371
62.68,4372
63.7,4373
49.15,4374
72.16,4375
59.64,4376
81.63,4377
75.54,4378
64.71,4379
69.11,438
65.05,4380
77.23,4381
59.64,4382
46.1,4383
64.71,4384
86.71,4385
51.18,4386
48.47,4387
74.19,4388
57.61,4389
84.68,439
66.74,4390
72.16,4391
58.62,4392
70.13,4393
51.18,4394
50.16,4395
52.19,4396
53.55,4397
32.22,4398
51.18,4399
60.65,44
58.62,440
39.67,4400
54.56,4401
56.59,4402
61.67,4403
87.72,4404
65.73,4405
63.7,4406
55.24,4407
70.13,4408
72.16,4409
68.1,441
82.65,4410
74.19,4411
71.14,4412
77.57,4413
55.58,4414
71.14,4415
73.17,4416
66.74,4417
48.47,4418
83.66,4419
75.2,442
72.16,4420
67.08,4421
56.59,4422
58.62,4423
73.17,4424
66.07,4425
64.71,4426
64.04,4427
76.22,4428
67.08,4429
84.68,443
59.64,4430
66.74,4431
73.17,4432
41.7,4433
63.7,4434
62.68,4435
51.18,4436
60.65,4437
53.55,4438
49.15,4439
82.65,444
50.16,4440
72.16,4441
56.25,4442
68.1,4443
68.1,4444
61.67,4445
61.67,4446
49.15,4447
56.59,4448
52.19,4449
84.68,445
48.13,4450
59.64,4451
52.19,4452
51.18,4453
70.13,4454
63.7,4455
69.11,4456
43.4,4457
49.15,4458
58.62,4459
84.68,446
60.65,4460
58.62,4461
46.1,4462
55.58,4463
35.61,4464
82.65,4465
70.13,4466
52.19,4467
62.68,4468
64.71,4469
71.14,447
60.65,4470
50.5,4471
72.16,4472
63.7,4473
72.16,4474
60.65,4475
57.61,4476
52.19,4477
58.62,4478
71.14,4479
84.68,448
59.64,4480
62.68,4481
74.19,4482
60.65,4483
72.16,4484
73.17,4485
60.65,4486
52.87,4487
48.81,4488
62.68,4489
69.11,449
45.76,4490
66.07,4491
58.62,4492
71.14,4493
62.68,4494
69.11,4495
55.58,4496
54.22,4497
84.68,4498
61.67,4499
63.02,45
74.19,450
64.04,4500
81.63,4501
57.61,4502
54.56,4503
62.68,4504
45.09,4505
59.64,4506
86.71,4507
61.67,4508
64.71,4509
73.17,451
64.71,4510
53.21,4511
63.7,4512
52.19,4513
69.11,4514
51.18,4515
81.63,4516
70.13,4517
72.16,4518
73.17,4519
84.68,452
74.19,4520
82.65,4521
58.28,4522
65.73,4523
81.63,4524
63.36,4525
71.14,4526
76.22,4527
68.77,4528
58.28,4529
59.64,453
41.36,4530
64.71,4531
61.33,4532
67.76,4533
66.74,4534
60.31,4535
67.76,4536
75.2,4537
69.79,4538
60.31,4539
76.22,454
60.31,4540
51.85,4541
70.8,4542
65.73,4543
75.2,4544
68.77,4545
56.25,4546
65.73,4547
76.22,4548
56.25,4549
82.65,455
68.77,4550
76.22,4551
65.73,4552
57.27,4553
61.33,4554
81.63,4555
63.7,4556
62.68,4557
70.13,4558
66.74,4559
73.17,456
83.66,4560
,4561
82.65,4562
70.13,4563
59.64,4564
59.64,4565
83.66,4566
57.61,4567
64.71,4568
61.67,4569
84.68,457
61.67,4570
60.65,4571
80.62,4572
66.07,4573
82.65,4574
83.66,4575
54.56,4576
62.68,4577
83.66,4578
71.14,4579
72.16,458
44.07,4580
82.65,4581
54.56,4582
47.12,4583
53.55,4584
61.67,4585
58.62,4586
69.11,4587
63.7,4588
53.21,4589
74.19,459
100.24,4590
89.75,4591
100.24,4592
89.75,4593
55.24,4594
52.19,4595
48.47,4596
73.17,4597
85.69,4598
,4599
66.74,46
61.67,460
66.74,4600
74.19,4601
67.08,4602
74.19,4603
70.13,4604
38.66,4605
51.18,4606
58.62,4607
63.7,4608
53.21,4609
67.76,461
49.15,4610
54.22,4611
59.64,4612
49.15,4613
62.68,4614
62.68,4615
53.21,4616
60.65,4617
60.65,4618
54.56,4619
84.68,462
54.56,4620
49.15,4621
75.2,4622
51.18,4623
63.7,4624
67.76,4625
63.7,4626
86.03,4627
91.11,4628
86.03,4629
60.65,463
78.59,4630
89.08,4631
91.11,4632
79.6,4633
91.11,4634
88.06,4635
80.62,4636
79.6,4637
61.67,4638
58.62,4639
75.2,464
70.13,4640
69.11,4641
70.13,4642
55.58,4643
61.67,4644
62.68,4645
74.19,4646
68.1,4647
74.19,4648
84.68,4649
67.76,465
78.59,4650
78.59,4651
64.71,4652
65.05,4653
80.62,4654
101.94,4655
64.04,4656
77.57,4657
79.6,4658
71.14,4659
84.68,466
62.68,4660
69.11,4661
59.98,4662
82.65,4663
73.17,4664
61.67,4665
48.13,4666
62.68,4667
56.25,4668
71.14,4669
61.67,467
73.17,4670
53.21,4671
71.14,4672
65.73,4673
61.67,4674
63.02,4675
59.64,4676
54.56,4677
49.15,4678
72.16,4679
63.7,468
59.64,4680
54.22,4681
53.21,4682
71.14,4683
50.16,4684
60.65,4685
52.19,4686
60.65,4687
48.13,4688
61.67,4689
83.66,469
53.21,4690
51.18,4691
55.24,4692
56.59,4693
60.65,4694
59.64,4695
56.25,4696
61.67,4697
50.16,4698
64.71,4699
63.7,47
65.73,470
73.17,4700
60.65,4701
62.68,4702
73.17,4703
59.64,4704
60.65,4705
55.24,4706
73.17,4707
63.7,4708
61.67,4709
84.68,471
57.61,4710
72.16,4711
61.67,4712
62.35,4713
42.72,4714
50.16,4715
41.7,4716
56.59,4717
54.22,4718
61.67,4719
84.68,472
64.71,4720
54.22,4721
47.12,4722
61.67,4723
57.61,4724
54.9,4725
77.23,4726
62.68,4727
68.1,4728
72.16,4729
84.68,473
64.71,4730
59.64,4731
63.7,4732
74.19,4733
48.47,4734
64.71,4735
57.27,4736
55.24,4737
82.65,4738
68.1,4739
61.67,474
55.24,4740
52.19,4741
48.13,4742
50.16,4743
58.62,4744
52.19,4745
53.21,4746
58.62,4747
69.11,4748
47.12,4749
94.15,475
49.15,4750
42.72,4751
69.11,4752
46.78,4753
85.69,4754
67.08,4755
79.6,4756
69.11,4757
78.59,4758
62.68,4759
84.68,476
61.67,4760
69.11,4761
81.63,4762
75.2,4763
88.06,4764
62.68,4765
71.14,4766
56.59,4767
61.67,4768
66.41,4769
82.65,477
74.53,4770
56.59,4771
80.62,4772
62.34,4773
50.16,4774
60.65,4775
53.21,4776
49.15,4777
40.69,4778
53.21,4779
73.17,478
48.13,4780
60.65,4781
50.16,4782
46.78,4783
62.68,4784
60.99,4785
62.68,4786
63.7,4787
45.09,4788
63.7,4789
84.68,479
63.7,4790
41.03,4791
45.09,4792
50.16,4793
48.13,4794
43.06,4795
53.55,4796
73.17,4797
55.24,4798
42.04,4799
56.59,48
75.2,480
30.2,4800
47.12,4801
58.62,4802
69.11,4803
56.59,4804
72.16,4805
59.64,4806
61.67,4807
49.49,4808
74.19,4809
76.22,481
63.7,4810
60.65,4811
76.22,4812
59.64,4813
39.67,4814
69.11,4815
93.14,4816
54.56,4817
58.62,4818
49.15,4819
83.66,482
76.22,4820
81.63,4821
70.13,4822
79.6,4823
40.69,4824
70.8,4825
62.68,4826
53.55,4827
45.09,4828
74.19,4829
84.68,483
61.67,4830
48.47,4831
74.19,4832
76.22,4833
69.11,4834
63.7,4835
66.74,4836
60.65,4837
71.14,4838
45.76,4839
75.2,484
52.19,4840
72.16,4841
40.69,4842
48.47,4843
53.21,4844
58.28,4845
78.59,4846
72.16,4847
62.68,4848
76.22,4849
65.73,485
59.64,4850
54.22,4851
52.19,4852
55.24,4853
56.25,4854
44.75,4855
59.64,4856
55.58,4857
56.59,4858
59.64,4859
84.68,486
70.13,4860
51.18,4861
57.61,4862
42.72,4863
47.12,4864
83.66,4865
72.16,4866
70.13,4867
69.11,4868
48.13,4869
75.2,487
70.13,4870
70.13,4871
67.08,4872
55.24,4873
61.67,4874
59.64,4875
69.11,4876
61.67,4877
75.2,4878
28.17,4879
69.11,488
62.68,4880
37.3,4881
48.13,4882
53.21,4883
65.73,4884
62.68,4885
33.24,4886
37.64,4887
61.67,4888
59.64,4889
52.19,489
58.62,4890
65.73,4891
59.64,4892
49.15,4893
42.72,4894
63.02,4895
63.7,4896
53.21,4897
62.68,4898
57.61,4899
64.71,49
84.68,490
58.62,4900
45.09,4901
60.65,4902
46.1,4903
62.68,4904
56.59,4905
43.73,4906
54.22,4907
52.19,4908
48.13,4909
49.15,491
64.71,4910
51.18,4911
51.18,4912
74.19,4913
70.13,4914
73.17,4915
80.62,4916
69.11,4917
73.17,4918
70.13,4919
76.22,492
62.68,4920
71.14,4921
55.24,4922
82.65,4923
52.19,4924
64.71,4925
73.17,4926
59.64,4927
53.21,4928
35.61,4929
85.69,493
60.65,4930
57.61,4931
62.68,4932
59.64,4933
62.68,4934
63.7,4935
60.65,4936
49.15,4937
67.76,4938
58.62,4939
77.57,494
73.17,4940
59.64,4941
59.64,4942
60.65,4943
63.7,4944
69.11,4945
63.7,4946
71.14,4947
56.59,4948
81.63,4949
84.68,495
74.19,4950
70.13,4951
61.67,4952
67.76,4953
48.13,4954
52.53,4955
62.68,4956
65.73,4957
48.13,4958
72.16,4959
65.73,496
73.17,4960
62.68,4961
72.16,4962
44.07,4963
48.47,4964
56.59,4965
60.65,4966
60.65,4967
51.18,4968
76.22,4969
63.7,497
58.96,4970
47.12,4971
59.64,4972
45.76,4973
58.62,4974
51.52,4975
58.62,4976
52.19,4977
38.31,4978
40.01,4979
64.71,498
55.24,4980
45.76,4981
46.78,4982
78.25,4983
66.07,4984
77.57,4985
115.47,4986
63.7,4987
70.13,4988
79.6,4989
66.74,499
75.2,4990
79.6,4991
79.6,4992
77.23,4993
60.65,4994
54.56,4995
79.6,4996
73.17,4997
62.68,4998
62.68,4999
59.64,5
47.79,50
44.75,500
81.63,5000
67.08,5001
79.6,5002
63.7,5003
75.2,5004
45.09,5005
70.13,5006
54.56,5007
63.7,5008
57.27,5009
72.16,501
81.63,5010
47.12,5011
74.19,5012
52.53,5013
55.24,5014
63.7,5015
54.22,5016
50.16,5017
61.67,5018
65.05,5019
57.61,502
51.18,5020
40.69,5021
55.24,5022
47.12,5023
61.67,5024
54.56,5025
55.24,5026
71.14,5027
52.19,5028
61.67,5029
72.16,503
71.14,5030
56.59,5031
60.65,5032
37.64,5033
50.16,5034
55.24,5035
50.16,5036
71.14,5037
49.15,5038
62.68,5039
65.73,504
64.04,5040
71.14,5041
71.14,5042
41.7,5043
71.14,5044
63.7,5045
59.64,5046
74.19,5047
57.61,5048
70.13,5049
36.63,505
57.27,5050
61.67,5051
53.21,5052
57.61,5053
62.68,5054
61.67,5055
45.76,5056
60.65,5057
68.77,5058
58.62,5059
60.65,506
53.21,5060
76.22,5061
63.7,5062
66.74,5063
52.53,5064
76.22,5065
58.62,5066
81.63,5067
63.7,5068
46.1,5069
50.16,507
62.68,5070
54.22,5071
63.7,5072
82.65,5073
73.17,5074
59.64,5075
62.68,5076
61.67,5077
67.08,5078
70.13,5079
49.15,508
61.67,5080
60.65,5081
75.2,5082
54.22,5083
62.68,5084
77.57,5085
75.2,5086
75.2,5087
82.65,5088
71.14,5089
71.14,509
52.19,5090
71.14,5091
61.67,5092
80.62,5093
62.68,5094
75.2,5095
66.07,5096
57.27,5097
73.17,5098
55.24,5099
83.66,51
57.61,510
74.19,5100
52.19,5101
53.55,5102
67.76,5103
62.68,5104
40.69,5105
61.67,5106
48.47,5107
61.67,5108
67.76,5109
65.73,511
63.7,5110
67.08,5111
63.7,5112
57.61,5113
47.12,5114
61.67,5115
42.72,5116
86.71,5117
42.72,5118
71.14,5119
70.13,512
43.06,5120
73.17,5121
61.67,5122
55.24,5123
52.19,5124
59.64,5125
56.59,5126
63.7,5127
60.65,5128
74.19,5129
62.68,513
70.13,5130
68.1,5131
80.62,5132
72.16,5133
71.14,5134
63.7,5135
77.57,5136
72.16,5137
81.63,5138
66.07,5139
75.2,514
58.62,5140
70.13,5141
53.21,5142
65.05,5143
65.73,5144
70.13,5145
68.77,5146
70.13,5147
66.74,5148
72.16,5149
54.56,515
70.13,5150
69.11,5151
78.59,5152
66.07,5153
61.67,5154
54.22,5155
58.62,5156
60.99,5157
53.21,5158
39.67,5159
63.7,516
69.11,5160
59.64,5161
59.64,5162
57.61,5163
59.3,5164
53.21,5165
33.24,5166
47.12,5167
61.67,5168
51.18,5169
66.07,517
64.71,5170
76.22,5171
63.7,5172
62.34,5173
60.65,5174
60.65,5175
65.73,5176
62.68,5177
40.69,5178
60.65,5179
63.7,518
58.62,5180
75.54,5181
56.59,5182
47.12,5183
63.7,5184
56.59,5185
33.24,5186
49.15,5187
35.61,5188
42.72,5189
63.7,519
51.18,5190
77.23,5191
66.74,5192
61.67,5193
54.56,5194
63.7,5195
73.17,5196
54.56,5197
38.66,5198
61.67,5199
51.18,52
63.7,520
52.19,5200
65.73,5201
55.24,5202
54.22,5203
73.17,5204
61.67,5205
55.24,5206
71.14,5207
64.71,5208
74.19,5209
56.59,521
73.17,5210
84.68,5211
42.04,5212
62.68,5213
60.65,5214
82.65,5215
67.76,5216
63.7,5217
63.7,5218
63.7,5219
57.27,522
48.13,5220
45.09,5221
62.68,5222
72.16,5223
63.7,5224
61.67,5225
62.68,5226
64.71,5227
61.67,5228
51.18,5229
43.06,523
73.17,5230
72.16,5231
47.12,5232
65.73,5233
74.19,5234
73.51,5235
55.24,5236
51.18,5237
58.62,5238
56.59,5239
54.22,524
61.67,5240
61.67,5241
53.55,5242
61.67,5243
55.58,5244
58.62,5245
49.15,5246
47.12,5247
58.62,5248
54.22,5249
62.68,525
53.21,5250
66.07,5251
58.62,5252
66.74,5253
72.16,5254
56.25,5255
83.66,5256
52.19,5257
52.53,5258
61.67,5259
64.71,526
64.04,5260
61.67,5261
67.08,5262
48.47,5263
75.2,5264
63.7,5265
69.11,5266
82.65,5267
48.13,5268
36.28,5269
50.16,527
62.68,5270
66.74,5271
48.47,5272
46.78,5273
53.21,5274
67.08,5275
48.13,5276
62.68,5277
51.18,5278
38.31,5279
59.3,528
35.61,5280
50.16,5281
56.25,5282
58.28,5283
78.59,5284
71.14,5285
71.14,5286
60.65,5287
73.51,5288
67.76,5289
51.18,529
68.1,5290
72.16,5291
54.22,5292
53.21,5293
71.14,5294
70.13,5295
67.08,5296
80.62,5297
67.08,5298
88.06,5299
50.5,53
75.2,530
67.08,5300
72.16,5301
58.62,5302
50.16,5303
71.14,5304
57.61,5305
75.2,5306
57.61,5307
54.22,5308
61.67,5309
65.73,531
66.07,5310
60.65,5311
57.61,5312
56.25,5313
54.22,5314
57.61,5315
62.68,5316
73.17,5317
61.67,5318
59.64,5319
65.73,532
32.22,5320
56.59,5321
59.64,5322
63.7,5323
65.73,5324
64.71,5325
49.15,5326
46.78,5327
34.6,5328
73.17,5329
62.68,533
58.62,5330
53.21,5331
45.09,5332
40.69,5333
47.12,5334
55.24,5335
55.58,5336
72.16,5337
53.21,5338
55.24,5339
64.71,534
61.67,5340
58.62,5341
77.57,5342
47.12,5343
47.12,5344
43.73,5345
33.58,5346
76.22,5347
47.12,5348
37.64,5349
50.16,535
50.16,5350
55.24,5351
50.16,5352
47.12,5353
37.64,5354
61.67,5355
60.65,5356
49.82,5357
81.63,5358
69.11,5359
68.1,536
55.92,5360
65.05,5361
53.55,5362
65.05,5363
61.67,5364
49.15,5365
77.23,5366
52.19,5367
52.19,5368
66.74,5369
31.21,537
41.03,5370
68.1,5371
51.18,5372
72.16,5373
74.19,5374
70.13,5375
57.61,5376
61.67,5377
73.17,5378
61.67,5379
53.21,538
74.19,5380
68.1,5381
54.22,5382
63.7,5383
48.47,5384
70.13,5385
75.2,5386
58.62,5387
61.67,5388
49.15,5389
76.22,539
77.23,5390
72.16,5391
66.07,5392
52.19,5393
45.09,5394
59.3,5395
60.65,5396
49.82,5397
34.26,5398
57.61,5399
61.67,54
64.71,540
53.21,5400
75.2,5401
78.59,5402
70.13,5403
71.14,5404
71.14,5405
67.08,5406
74.19,5407
74.19,5408
79.6,5409
62.68,541
72.16,5410
78.93,5411
74.19,5412
69.11,5413
56.59,5414
60.65,5415
71.14,5416
59.98,5417
82.65,5418
73.17,5419
60.65,542
49.83,5420
51.52,5421
72.16,5422
71.14,5423
64.71,5424
49.15,5425
57.27,5426
71.14,5427
49.15,5428
56.59,5429
65.73,543
70.13,5430
65.73,5431
46.1,5432
51.18,5433
64.71,5434
59.64,5435
58.62,5436
62.68,5437
65.73,5438
59.64,5439
64.71,544
42.04,5440
50.16,5441
52.19,5442
56.59,5443
46.1,5444
47.12,5445
74.19,5446
63.7,5447
65.73,5448
66.07,5449
53.21,545
48.13,5450
50.16,5451
71.14,5452
61.67,5453
48.13,5454
49.15,5455
56.59,5456
60.65,5457
50.16,5458
59.64,5459
71.14,546
45.43,5460
70.13,5461
65.73,5462
64.71,5463
73.17,5464
61.67,5465
63.7,5466
66.07,5467
56.59,5468
72.16,5469
42.72,547
59.64,5470
49.15,5471
55.58,5472
83.66,5473
86.71,5474
93.14,5475
83.66,5476
84.68,5477
86.71,5478
83.66,5479
59.64,548
59.64,5480
49.15,5481
83.66,5482
53.55,5483
71.14,5484
72.16,5485
47.12,5486
60.65,5487
72.16,5488
56.59,5489
61.67,549
62.68,5490
79.6,5491
62.01,5492
52.53,5493
72.16,5494
70.13,5495
66.07,5496
68.1,5497
62.68,5498
61.67,5499
78.59,55
54.22,550
57.61,5500
65.05,5501
65.73,5502
67.08,5503
58.62,5504
54.56,5505
58.62,5506
76.22,5507
68.1,5508
74.19,5509
61.67,551
70.13,5510
53.21,5511
58.62,5512
57.61,5513
65.05,5514
73.17,5515
69.11,5516
50.5,5517
53.55,5518
53.21,5519
62.68,552
78.25,5520
69.79,5521
71.14,5522
81.63,5523
61.67,5524
62.68,5525
55.24,5526
49.15,5527
36.28,5528
71.14,5529
59.64,553
47.12,5530
75.2,5531
94.15,5532
70.13,5533
79.6,5534
76.22,5535
84.68,5536
59.3,5537
67.76,5538
65.73,5539
75.2,554
71.82,5540
67.76,5541
64.71,5542
65.73,5543
56.25,5544
74.19,5545
50.84,5546
69.79,5547
56.25,5548
65.73,5549
73.17,555
69.79,5550
78.25,5551
66.74,5552
50.84,5553
69.79,5554
46.78,5555
66.74,5556
57.27,5557
66.74,5558
69.79,5559
52.19,556
79.26,5560
48.81,5561
58.28,5562
60.31,5563
78.25,5564
85.69,5565
66.74,5566
66.74,5567
70.8,5568
67.76,5569
63.7,557
65.73,5570
67.76,5571
74.19,5572
68.77,5573
70.13,5574
64.71,5575
71.14,5576
65.73,5577
71.14,5578
71.14,5579
42.72,558
93.14,5580
63.02,5581
70.13,5582
70.13,5583
78.59,5584
81.63,5585
70.13,5586
73.17,5587
60.65,5588
78.59,5589
49.15,559
67.08,5590
72.16,5591
,5592
76.56,5593
82.65,5594
52.19,5595
,5596
73.17,5597
72.16,5598
56.59,5599
49.15,56
76.22,560
60.65,5600
50.16,5601
81.63,5602
67.08,5603
57.61,5604
81.63,5605
60.65,5606
63.7,5607
48.13,5608
60.65,5609
51.18,561
50.16,5610
67.08,5611
60.65,5612
73.17,5613
73.17,5614
100.24,5615
81.29,5616
100.24,5617
90.77,5618
48.47,5619
54.22,562
86.71,5620
74.19,5621
74.19,5622
73.17,5623
66.07,5624
60.65,5625
64.71,5626
57.61,5627
51.18,5628
41.7,5629
62.68,563
73.17,5630
61.67,5631
51.18,5632
41.7,5633
61.67,5634
55.24,5635
63.7,5636
62.68,5637
61.67,5638
61.67,5639
64.71,564
63.7,5640
92.12,5641
88.06,5642
78.59,5643
89.08,5644
97.53,5645
89.08,5646
79.6,5647
78.59,5648
88.06,5649
61.67,565
72.16,5650
62.01,5651
79.94,5652
79.6,5653
72.16,5654
62.68,5655
78.59,5656
72.16,5657
78.59,5658
71.14,5659
61.67,566
59.98,5660
79.6,5661
76.22,5662
77.57,5663
71.14,5664
37.64,5665
81.63,5666
80.62,5667
71.14,5668
76.56,5669
41.7,567
73.17,5670
57.27,5671
56.59,5672
63.7,5673
71.14,5674
60.65,5675
75.2,5676
76.22,5677
63.7,5678
68.1,5679
53.21,568
73.51,5680
67.08,5681
59.98,5682
80.62,5683
61.67,5684
45.09,5685
52.19,5686
57.27,5687
62.68,5688
61.67,5689
52.19,569
53.55,5690
63.7,5691
64.71,5692
60.65,5693
68.1,5694
70.13,5695
71.14,5696
58.62,5697
66.07,5698
73.17,5699
64.71,57
67.08,570
72.16,5700
70.13,5701
59.64,5702
60.65,5703
53.21,5704
61.67,5705
70.8,5706
53.21,5707
60.65,5708
60.65,5709
75.2,571
71.14,5710
49.15,5711
50.16,5712
60.65,5713
51.18,5714
64.71,5715
74.19,5716
58.62,5717
69.11,5718
54.56,5719
58.62,572
51.18,5720
50.16,5721
44.75,5722
48.13,5723
73.17,5724
61.67,5725
65.05,5726
83.66,5727
72.16,5728
50.16,5729
50.16,573
62.68,5730
67.08,5731
40.69,5732
69.11,5733
52.53,5734
61.67,5735
71.14,5736
34.6,5737
39.67,5738
54.22,5739
74.19,574
58.62,5740
74.19,5741
57.61,5742
58.62,5743
65.73,5744
74.19,5745
77.23,5746
63.7,5747
62.68,5748
72.16,5749
52.19,575
54.9,5750
81.63,5751
67.08,5752
71.48,5753
67.76,5754
60.65,5755
65.05,5756
74.19,5757
65.73,5758
83.66,5759
50.16,576
48.47,5760
53.21,5761
72.16,5762
53.21,5763
63.7,5764
68.77,5765
43.06,5766
49.15,5767
62.68,5768
73.17,5769
61.67,577
48.13,5770
46.1,5771
51.18,5772
71.14,5773
65.73,5774
62.68,5775
61.67,5776
54.22,5777
62.68,5778
55.58,5779
66.07,578
59.64,5780
78.59,5781
78.59,5782
83.66,5783
60.99,5784
69.11,5785
70.13,5786
68.1,5787
85.02,5788
34.94,5789
66.74,579
67.08,5790
57.61,5791
70.13,5792
67.08,5793
66.07,5794
50.16,5795
76.56,5796
72.16,5797
61.67,5798
76.56,5799
46.1,58
68.77,580
73.17,5800
72.16,5801
77.57,5802
67.08,5803
59.64,5804
79.6,5805
74.19,5806
71.14,5807
58.62,5808
72.16,5809
69.79,581
63.7,5810
58.62,5811
66.74,5812
56.59,5813
71.14,5814
58.62,5815
60.65,5816
74.19,5817
62.68,5818
53.21,5819
55.24,582
45.09,5820
50.5,5821
53.21,5822
51.18,5823
61.67,5824
69.11,5825
62.68,5826
54.22,5827
52.19,5828
54.22,5829
64.71,583
58.62,5830
50.16,5831
57.61,5832
46.1,5833
82.65,5834
63.7,5835
73.17,5836
65.05,5837
56.59,5838
63.7,5839
57.61,584
60.65,5840
62.68,5841
64.71,5842
63.7,5843
57.61,5844
74.19,5845
73.17,5846
77.23,5847
65.73,5848
61.67,5849
54.22,585
64.71,5850
52.19,5851
58.62,5852
48.13,5853
63.7,5854
64.71,5855
60.65,5856
60.99,5857
59.64,5858
60.65,5859
64.71,586
58.62,5860
52.19,5861
60.65,5862
61.67,5863
68.1,5864
75.2,5865
69.11,5866
69.11,5867
48.47,5868
48.47,5869
63.7,587
62.68,5870
53.55,5871
75.2,5872
71.14,5873
54.22,5874
47.12,5875
65.05,5876
55.58,5877
57.27,5878
52.19,5879
52.19,588
34.6,5880
53.21,5881
62.68,5882
77.57,5883
42.72,5884
56.25,5885
35.27,5886
54.56,5887
43.73,5888
54.22,5889
71.14,589
46.1,5890
39.33,5891
61.67,5892
58.62,5893
55.24,5894
51.18,5895
52.87,5896
55.92,5897
68.1,5898
76.56,5899
61.67,59
39.67,590
72.16,5900
77.57,5901
77.23,5902
44.41,5903
68.1,5904
58.28,5905
81.63,5906
60.65,5907
62.68,5908
71.14,5909
65.73,591
56.26,5910
70.13,5911
69.11,5912
70.13,5913
77.57,5914
74.19,5915
56.59,5916
70.47,5917
64.71,5918
69.11,5919
48.13,592
41.7,5920
52.19,5921
73.17,5922
46.1,5923
54.22,5924
53.21,5925
53.21,5926
64.71,5927
74.19,5928
44.75,5929
49.15,593
39.67,5930
63.02,5931
74.19,5932
40.69,5933
51.18,5934
48.13,5935
50.16,5936
74.19,5937
56.59,5938
55.58,5939
71.14,594
61.67,5940
57.61,5941
40.69,5942
62.68,5943
56.59,5944
40.69,5945
50.16,5946
50.16,5947
59.64,5948
63.7,5949
62.68,595
60.65,5950
60.65,5951
70.13,5952
62.68,5953
57.61,5954
54.22,5955
59.64,5956
53.21,5957
56.25,5958
78.59,5959
52.19,596
78.25,5960
65.73,5961
54.22,5962
49.15,5963
75.54,5964
56.59,5965
29.18,5966
47.12,5967
56.25,5968
71.14,5969
59.64,597
64.71,5970
59.64,5971
67.76,5972
62.68,5973
53.21,5974
75.2,5975
67.08,5976
63.7,5977
66.07,5978
53.21,5979
64.71,598
69.11,5980
68.1,5981
60.65,5982
59.64,5983
79.6,5984
61.67,5985
67.08,5986
60.65,5987
61.67,5988
51.52,5989
63.7,599
46.1,5990
61.67,5991
49.15,5992
61.67,5993
64.71,5994
61.67,5995
56.59,5996
73.17,5997
72.16,5998
54.22,5999
74.19,6
64.71,60
66.74,600
48.47,6000
53.55,6001
66.74,6002
60.65,6003
64.04,6004
70.13,6005
52.19,6006
59.64,6007
62.68,6008
44.75,6009
54.22,601
69.11,6010
37.3,6011
38.66,6012
46.1,6013
51.18,6014
47.12,6015
55.24,6016
51.85,6017
75.54,6018
76.56,6019
71.14,602
102.61,6020
115.47,6021
61.67,6022
45.09,6023
49.15,6024
16.66,6025
40.69,6026
79.6,6027
71.14,6028
60.65,6029
51.18,603
67.08,6030
68.1,6031
80.62,6032
80.62,6033
44.75,6034
74.19,6035
75.2,6036
47.12,6037
63.02,6038
71.14,6039
58.62,604
80.62,6040
73.17,6041
72.16,6042
70.13,6043
52.19,6044
51.18,6045
58.62,6046
52.19,6047
67.08,6048
54.22,6049
64.71,605
56.59,6050
49.15,6051
52.19,6052
57.61,6053
63.7,6054
62.68,6055
73.17,6056
55.58,6057
60.65,6058
48.13,6059
51.18,606
42.72,6060
50.16,6061
62.68,6062
71.14,6063
52.19,6064
44.07,6065
56.59,6066
62.68,6067
62.68,6068
56.59,6069
47.12,607
55.24,6070
40.69,6071
35.61,6072
57.61,6073
49.15,6074
55.24,6075
36.63,6076
45.09,6077
51.18,6078
46.1,6079
45.76,608
58.62,6080
57.61,6081
58.62,6082
71.14,6083
61.67,6084
70.13,6085
56.25,6086
57.27,6087
69.11,6088
74.19,6089
76.22,609
61.67,6090
80.62,6091
88.74,6092
61.67,6093
58.28,6094
57.61,6095
60.65,6096
41.03,6097
60.65,6098
52.19,6099
62.68,61
54.22,610
56.59,6100
73.17,6101
52.19,6102
72.16,6103
73.17,6104
71.14,6105
64.04,6106
63.7,6107
43.73,6108
62.68,6109
58.62,611
51.18,6110
68.1,6111
64.71,6112
69.11,6113
72.16,6114
74.19,6115
55.24,6116
74.19,6117
73.17,6118
82.65,6119
60.65,612
63.7,6120
77.23,6121
77.23,6122
70.13,6123
53.55,6124
78.59,6125
73.17,6126
73.17,6127
73.17,6128
74.19,6129
69.11,613
73.17,6130
62.68,6131
73.17,6132
65.73,6133
61.67,6134
68.1,6135
61.67,6136
57.61,6137
66.74,6138
76.22,6139
65.73,614
48.47,6140
64.71,6141
64.04,6142
73.17,6143
57.27,6144
63.7,6145
68.1,6146
67.08,6147
48.47,6148
66.74,6149
57.27,615
57.27,6150
43.73,6151
55.24,6152
50.16,6153
60.99,6154
53.21,6155
50.16,6156
63.7,6157
71.14,6158
55.24,6159
75.2,616
56.25,6160
56.25,6161
56.25,6162
72.16,6163
70.13,6164
68.1,6165
96.52,6166
93.48,6167
75.2,6168
69.11,6169
76.56,617
74.19,6170
60.65,6171
72.16,6172
74.53,6173
82.65,6174
49.49,6175
51.18,6176
69.11,6177
61.67,6178
67.08,6179
62.68,618
65.05,6180
80.62,6181
72.16,6182
59.64,6183
74.19,6184
60.65,6185
68.1,6186
66.07,6187
72.16,6188
56.25,6189
55.24,619
70.13,6190
58.62,6191
62.68,6192
66.07,6193
56.59,6194
64.71,6195
58.62,6196
70.13,6197
52.19,6198
56.59,6199
71.14,62
53.21,620
47.12,6200
72.16,6201
58.62,6202
50.16,6203
64.37,6204
65.05,6205
39.67,6206
32.57,6207
57.61,6208
64.04,6209
56.59,621
51.18,6210
49.15,6211
38.66,6212
57.61,6213
51.18,6214
52.19,6215
63.7,6216
53.55,6217
58.62,6218
46.1,6219
62.68,622
42.72,6220
51.18,6221
44.07,6222
56.25,6223
46.1,6224
50.16,6225
52.19,6226
62.68,6227
45.09,6228
50.16,6229
45.76,623
48.13,6230
46.1,6231
76.22,6232
67.76,6233
48.13,6234
54.22,6235
53.21,6236
55.58,6237
71.14,6238
51.18,6239
57.61,624
70.13,6240
51.18,6241
51.18,6242
63.7,6243
74.19,6244
58.28,6245
65.73,6246
65.73,6247
50.16,6248
83.66,6249
57.61,625
73.17,6250
68.1,6251
49.15,6252
72.16,6253
69.11,6254
73.17,6255
84.68,6256
78.25,6257
53.55,6258
52.19,6259
51.18,626
56.59,6260
55.24,6261
75.2,6262
45.09,6263
45.09,6264
60.31,6265
83.66,6266
53.21,6267
62.68,6268
55.91,6269
67.76,627
57.61,6270
67.76,6271
67.08,6272
52.19,6273
53.21,6274
56.59,6275
55.58,6276
62.68,6277
51.52,6278
52.53,6279
53.21,628
58.62,6280
44.07,6281
64.71,6282
83.66,6283
76.22,6284
73.17,6285
60.65,6286
68.1,6287
46.78,6288
67.08,6289
71.14,629
73.17,6290
48.47,6291
63.7,6292
82.65,6293
59.64,6294
63.7,6295
61.67,6296
59.64,6297
62.68,6298
53.21,6299
75.2,63
58.28,630
43.06,6300
84.68,6301
58.62,6302
53.21,6303
62.68,6304
49.15,6305
33.24,6306
62.68,6307
65.73,6308
57.61,6309
41.03,631
45.76,6310
75.2,6311
63.7,6312
70.13,6313
69.11,6314
69.11,6315
67.08,6316
87.72,6317
75.54,6318
49.49,6319
57.61,632
61.67,6320
70.13,6321
60.65,6322
67.08,6323
72.16,6324
63.7,6325
60.65,6326
81.63,6327
81.63,6328
60.99,6329
73.17,633
60.32,6330
73.17,6331
73.17,6332
64.71,6333
61.67,6334
77.57,6335
63.7,6336
71.14,6337
81.63,6338
73.17,6339
58.62,634
50.16,6340
75.2,6341
70.13,6342
39.0,6343
64.71,6344
47.12,6345
56.59,6346
48.13,6347
67.76,6348
43.73,6349
60.65,635
62.68,6350
49.15,6351
53.21,6352
43.73,6353
53.55,6354
36.28,6355
78.59,6356
62.68,6357
61.67,6358
62.68,6359
64.71,636
72.16,6360
61.67,6361
50.16,6362
43.73,6363
61.67,6364
42.72,6365
52.87,6366
58.28,6367
74.19,6368
57.61,6369
63.7,637
63.7,6370
42.72,6371
40.69,6372
58.62,6373
60.65,6374
44.75,6375
47.12,6376
59.64,6377
41.7,6378
39.67,6379
52.19,638
32.91,6380
52.19,6381
58.62,6382
48.13,6383
61.67,6384
64.04,6385
53.21,6386
62.68,6387
56.59,6388
60.65,6389
57.27,639
63.02,6390
55.92,6391
78.25,6392
55.58,6393
54.22,6394
72.16,6395
78.25,6396
77.23,6397
58.28,6398
66.07,6399
70.13,64
40.69,640
55.58,6400
48.13,6401
62.68,6402
55.24,6403
62.68,6404
58.62,6405
56.59,6406
42.72,6407
77.57,6408
61.67,6409
54.22,641
70.13,6410
62.68,6411
74.19,6412
55.91,6413
69.11,6414
48.47,6415
72.16,6416
67.08,6417
76.56,6418
50.16,6419
53.21,642
62.68,6420
76.22,6421
64.04,6422
66.74,6423
54.22,6424
44.07,6425
41.7,6426
63.7,6427
60.65,6428
60.65,6429
58.28,643
61.67,6430
50.16,6431
53.21,6432
44.75,6433
60.65,6434
70.13,6435
38.66,6436
46.78,6437
64.71,6438
67.76,6439
60.65,644
58.62,6440
70.13,6441
67.08,6442
61.67,6443
60.65,6444
70.13,6445
78.59,6446
74.53,6447
76.56,6448
73.17,6449
55.24,645
81.63,6450
64.71,6451
90.09,6452
60.65,6453
64.71,6454
83.66,6455
62.68,6456
60.65,6457
58.96,6458
76.22,6459
58.28,646
82.65,6460
79.6,6461
81.63,6462
81.63,6463
48.13,6464
71.14,6465
46.1,6466
49.49,6467
73.17,6468
63.7,6469
66.74,647
74.19,6470
63.7,6471
50.5,6472
43.06,6473
42.04,6474
59.64,6475
54.22,6476
55.24,6477
59.64,6478
40.01,6479
55.58,648
73.17,6480
66.74,6481
54.22,6482
49.15,6483
58.62,6484
52.53,6485
52.19,6486
56.59,6487
61.67,6488
51.18,6489
61.67,649
49.15,6490
57.61,6491
61.67,6492
61.67,6493
50.16,6494
53.21,6495
48.13,6496
50.16,6497
53.21,6498
49.15,6499
70.13,65
46.1,650
61.67,6500
57.61,6501
73.17,6502
53.21,6503
70.13,6504
71.14,6505
45.76,6506
73.17,6507
69.11,6508
84.68,6509
74.19,651
75.2,6510
61.67,6511
61.67,6512
76.22,6513
57.61,6514
63.7,6515
71.14,6516
71.14,6517
62.68,6518
96.18,6519
49.15,652
65.73,6520
69.11,6521
69.11,6522
70.13,6523
45.09,6524
52.19,6525
47.12,6526
54.56,6527
69.79,6528
39.67,6529
57.27,653
61.67,6530
68.1,6531
59.64,6532
72.16,6533
56.59,6534
53.55,6535
51.18,6536
57.61,6537
71.14,6538
49.49,6539
53.21,654
61.67,6540
67.08,6541
58.62,6542
63.7,6543
56.25,6544
52.19,6545
72.16,6546
56.25,6547
50.16,6548
73.17,6549
75.2,655
72.16,6550
54.22,6551
74.19,6552
83.66,6553
76.22,6554
53.21,6555
79.6,6556
63.7,6557
73.17,6558
64.04,6559
69.79,656
72.16,6560
71.14,6561
75.2,6562
73.17,6563
72.16,6564
81.63,6565
87.72,6566
69.11,6567
,6568
82.65,6569
70.13,657
51.18,6570
73.17,6571
63.7,6572
71.48,6573
60.31,6574
87.72,6575
69.11,6576
72.16,6577
49.49,6578
83.66,6579
57.61,658
58.62,6580
70.13,6581
74.19,6582
63.7,6583
63.7,6584
57.61,6585
68.1,6586
62.68,6587
44.07,6588
46.1,6589
59.64,659
60.65,6590
58.62,6591
44.07,6592
61.67,6593
67.08,6594
75.54,6595
100.24,6596
90.77,6597
100.24,6598
89.75,6599
68.1,66
64.71,660
69.11,6600
48.47,6601
75.2,6602
58.62,6603
,6604
68.1,6605
73.17,6606
76.22,6607
66.74,6608
57.61,6609
53.55,661
58.62,6610
72.16,6611
47.12,6612
51.18,6613
70.13,6614
57.61,6615
62.68,6616
62.68,6617
41.7,6618
53.21,6619
51.18,662
55.58,6620
77.23,6621
61.67,6622
54.22,6623
37.64,6624
39.67,6625
68.1,6626
86.03,6627
96.52,6628
94.15,6629
56.25,663
90.09,6630
89.08,6631
91.11,6632
79.6,6633
74.53,6634
86.03,6635
68.44,6636
69.11,6637
73.17,6638
69.11,6639
57.61,664
70.13,6640
79.6,6641
70.13,6642
82.65,6643
76.56,6644
82.65,6645
73.17,6646
60.65,6647
72.16,6648
69.11,6649
67.08,665
76.22,6650
79.6,6651
70.13,6652
73.17,6653
70.13,6654
63.7,6655
66.07,6656
57.61,6657
73.17,6658
81.63,6659
51.18,666
76.56,6660
66.74,6661
59.64,6662
56.59,6663
50.16,6664
70.13,6665
72.16,6666
72.16,6667
59.64,6668
58.62,6669
53.55,667
56.59,6670
72.16,6671
61.67,6672
58.62,6673
61.67,6674
52.19,6675
67.08,6676
41.7,6677
57.61,6678
59.64,6679
64.71,668
55.24,6680
58.62,6681
74.19,6682
71.82,6683
72.16,6684
33.24,6685
47.12,6686
51.18,6687
59.64,6688
68.1,6689
64.71,669
49.15,6690
49.49,6691
36.63,6692
60.65,6693
56.59,6694
51.18,6695
60.65,6696
60.65,6697
74.19,6698
68.1,6699
47.79,67
62.68,670
59.64,6700
38.66,6701
55.58,6702
50.16,6703
48.81,6704
72.16,6705
51.18,6706
54.22,6707
48.13,6708
61.67,6709
55.58,671
51.18,6710
75.2,6711
84.68,6712
53.21,6713
55.58,6714
46.1,6715
58.62,6716
55.24,6717
70.13,6718
68.1,6719
59.64,672
59.64,6720
79.6,6721
54.22,6722
73.17,6723
64.71,6724
71.14,6725
59.64,6726
51.18,6727
50.16,6728
48.13,6729
60.65,673
55.24,6730
60.65,6731
54.56,6732
62.68,6733
72.16,6734
61.67,6735
,6736
63.7,6737
39.67,6738
44.07,6739
59.64,674
58.62,6740
63.7,6741
40.69,6742
63.02,6743
84.68,6744
58.62,6745
71.14,6746
59.64,6747
73.17,6748
64.71,6749
62.68,675
61.67,6750
61.67,6751
55.58,6752
58.62,6753
46.1,6754
64.71,6755
63.7,6756
,6757
,6758
75.54,6759
73.17,676
-18.86,6760
37.64,6761
53.55,6762
110.06,6763
46.44,6764
60.65,6765
,6766
75.2,6767
41.7,6768
80.28,6769
64.71,677
75.2,6770
,6771
,6772
,6773
,6774
,6775
49.15,6776
77.57,6777
,6778
53.21,6779
67.76,678
73.17,6780
73.17,6781
76.22,6782
62.34,6783
51.18,6784
,6785
,6786
44.41,6787
29.86,6788
35.61,6789
58.28,679
34.26,6790
94.15,6791
73.17,6792
78.59,6793
76.22,6794
11.59,6795
66.07,6796
,6797
,6798
32.22,6799
94.15,68
61.67,680
,6800
,6801
65.05,6802
100.58,6803
55.24,6804
,6805
41.7,6806
74.53,6807
64.71,6808
64.71,6809
40.69,681
60.65,6810
,6811
34.94,6812
54.56,6813
48.13,6814
86.71,6815
47.12,6816
53.55,6817
78.59,6818
68.1,6819
50.16,682
,6820
,6821
,6822
43.06,6823
,6824
66.74,6825
69.11,6826
,6827
88.74,6828
65.73,6829
67.08,683
,6830
,6831
52.19,6832
56.59,6833
42.72,6834
51.18,6835
61.67,6836
,6837
46.78,6838
26.14,6839
48.13,684
39.67,6840
104.64,6841
64.71,6842
92.12,6843
83.66,6844
54.9,6845
40.69,6846
42.38,6847
78.59,6848
60.99,6849
61.67,685
,6850
,6851
,6852
65.05,6853
64.04,6854
,6855
63.7,6856
64.71,6857
,6858
,6859
74.19,686
,6860
76.22,6861
69.11,6862
,6863
,6864
,6865
,6866
,6867
,6868
,6869
64.71,687
,6870
,6871
,6872
,6873
56.59,6874
92.12,6875
47.12,6876
32.91,6877
61.33,6878
73.51,6879
53.21,688
67.76,6880
34.26,6881
47.46,6882
,6883
,6884
43.73,6885
42.72,6886
80.62,6887
84.68,6888
77.57,6889
46.1,689
69.11,6890
,6891
23.43,6892
67.08,6893
25.8,6894
,6895
,6896
,6897
,6898
51.18,6899
72.16,69
63.7,690
52.19,6900
62.34,6901
34.93,6902
68.77,6903
64.71,6904
96.18,6905
81.63,6906
86.71,6907
81.63,6908
,6909
51.18,691
,6910
59.64,6911
67.08,6912
68.1,6913
40.69,6914
59.64,6915
,6916
56.59,6917
79.26,6918
100.59,6919
56.25,692
79.26,6920
102.96,6921
79.26,6922
109.05,6923
79.26,6924
98.9,6925
70.8,6926
,6927
69.79,6928
,6929
63.7,693
,6930
,6931
,6932
75.88,6933
,6934
,6935
,6936
,6937
,6938
,6939
69.11,694
68.1,6940
,6941
,6942
115.13,6943
115.13,6944
,6945
,6946
,6947
,6948
,6949
69.11,695
61.67,6950
80.62,6951
,6952
,6953
,6954
,6955
,6956
,6957
,6958
,6959
64.71,696
,6960
,6961
,6962
,6963
,6964
,6965
,6966
,6967
,6968
,6969
55.24,697
,6970
,6971
,6972
,6973
,6974
75.88,6975
,6976
,6977
,6978
,6979
67.76,698
,6980
,6981
,6982
,6983
115.13,6984
,6985
,6986
,6987
71.82,6988
,6989
54.22,699
,6990
,6991
,6992
,6993
,6994
58.28,6995
,6996
32.22,6997
,6998
,6999
79.6,7
73.17,70
41.03,700
,7000
,7001
,7002
,7003
,7004
,7005
,7006
,7007
,7008
,7009
65.73,701
,7010
,7011
,7012
84.34,7013
,7014
,7015
,7016
,7017
,7018
,7019
66.07,702
,7020
,7021
,7022
,7023
,7024
,7025
115.13,7026
,7027
,7028
,7029
61.67,703
,7030
,7031
,7032
,7033
,7034
,7035
,7036
,7037
,7038
,7039
44.07,704
,7040
,7041
,7042
,7043
,7044
,7045
,7046
,7047
,7048
,7049
63.7,705
,7050
,7051
,7052
,7053
,7054
,7055
,7056
,7057
,7058
,7059
52.19,706
,7060
82.65,7061
,7062
,7063
,7064
115.13,7065
,7066
,7067
,7068
,7069
51.18,707
,7070
,7071
,7072
,7073
,7074
,7075
,7076
,7077
,7078
,7079
53.21,708
,7080
,7081
,7082
,7083
,7084
,7085
,7086
,7087
,7088
,7089
47.12,709
,7090
,7091
,7092
,7093
101.26,7094
,7095
,7096
,7097
,7098
,7099
56.59,71
64.71,710
,7100
,7101
,7102
,7103
,7104
,7105
,7106
,7107
115.13,7108
,7109
54.22,711
,7110
,7111
,7112
,7113
,7114
,7115
,7116
,7117
60.65,7118
,7119
56.25,712
,7120
,7121
,7122
,7123
,7124
,7125
,7126
36.96,7127
80.62,7128
,7129
55.24,713
49.15,7130
75.54,7131
57.27,7132
30.87,7133
66.74,7134
54.56,7135
,7136
,7137
,7138
77.23,7139
55.58,714
60.31,7140
65.05,7141
56.25,7142
47.79,7143
62.68,7144
46.78,7145
48.81,7146
28.17,7147
65.73,7148
57.27,7149
52.19,715
67.76,7150
58.62,7151
63.7,7152
60.31,7153
22.07,7154
59.64,7155
46.78,7156
63.02,7157
34.93,7158
50.16,7159
66.74,716
43.73,7160
52.19,7161
69.79,7162
55.24,7163
52.53,7164
71.14,7165
24.44,7166
45.42,7167
60.65,7168
69.79,7169
34.6,717
66.74,7170
50.84,7171
61.67,7172
57.27,7173
53.21,7174
48.81,7175
61.67,7176
53.88,7177
26.47,7178
45.42,7179
56.59,718
79.26,7180
32.9,7181
54.56,7182
,7183
,7184
,7185
,7186
56.25,7187
57.27,7188
71.82,7189
47.12,719
48.47,7190
74.19,7191
22.41,7192
49.82,7193
40.01,7194
29.86,7195
45.76,7196
31.21,7197
35.61,7198
61.33,7199
58.62,72
63.7,720
55.24,7200
86.03,7201
67.76,7202
36.96,7203
,7204
64.37,7205
55.58,7206
62.68,7207
45.42,7208
24.44,7209
60.65,721
56.25,7210
78.59,7211
31.89,7212
63.7,7213
81.63,7214
55.24,7215
57.27,7216
58.62,7217
59.64,7218
47.79,7219
54.22,722
46.78,7220
71.82,7221
50.16,7222
65.73,7223
78.25,7224
65.73,7225
55.91,7226
36.28,7227
42.38,7228
46.44,7229
43.73,723
76.56,7230
98.55,7231
33.24,7232
27.83,7233
69.11,7234
63.7,7235
58.28,7236
48.81,7237
54.9,7238
63.7,7239
70.13,724
48.13,7240
,7241
62.01,7242
49.15,7243
37.64,7244
,7245
73.17,7246
47.79,7247
61.67,7248
72.16,7249
37.64,725
,7250
,7251
,7252
53.55,7253
53.21,7254
49.15,7255
,7256
56.59,7257
70.13,7258
21.74,7259
56.59,726
62.34,7260
62.34,7261
80.62,7262
45.09,7263
64.71,7264
58.28,7265
41.36,7266
71.14,7267
72.5,7268
43.39,7269
58.62,727
59.64,7270
60.65,7271
44.75,7272
35.61,7273
71.14,7274
71.14,7275
66.4,7276
53.88,7277
53.88,7278
73.17,7279
55.58,728
55.24,7280
32.9,7281
71.82,7282
39.0,7283
65.73,7284
69.79,7285
59.64,7286
27.83,7287
,7288
53.21,7289
58.62,729
64.71,7290
,7291
81.63,7292
39.0,7293
58.28,7294
62.34,7295
37.3,7296
42.72,7297
65.73,7298
40.34,7299
53.55,73
34.94,730
45.09,7300
,7301
,7302
,7303
65.73,7304
50.84,7305
59.3,7306
45.42,7307
85.69,7308
34.26,7309
60.65,731
29.86,7310
39.33,7311
71.14,7312
75.2,7313
45.76,7314
49.82,7315
59.3,7316
52.87,7317
57.27,7318
80.62,7319
54.22,732
29.86,7320
42.72,7321
48.81,7322
72.16,7323
,7324
45.42,7325
43.39,7326
53.88,7327
59.64,7328
46.78,7329
53.21,733
37.3,7330
81.29,7331
83.66,7332
62.34,7333
47.46,7334
54.22,7335
79.26,7336
72.16,7337
64.71,7338
74.19,7339
54.56,734
52.19,7340
69.79,7341
30.2,7342
62.68,7343
66.74,7344
86.71,7345
27.83,7346
64.71,7347
58.62,7348
66.74,7349
39.0,735
40.34,7350
,7351
53.21,7352
79.6,7353
,7354
62.34,7355
,7356
82.65,7357
58.28,7358
30.87,7359
67.08,736
46.44,7360
70.8,7361
53.21,7362
58.62,737
45.09,738
32.57,739
55.58,74
56.59,740
49.15,741
62.68,742
41.03,743
44.07,744
27.49,745
31.55,746
51.52,747
27.49,748
51.52,749
54.22,75
27.49,750
45.09,751
48.13,752
53.55,753
27.83,754
60.65,755
34.26,756
59.64,757
49.15,758
62.68,759
59.64,76
60.65,760
82.65,761
68.1,762
66.74,763
68.1,764
62.68,765
56.59,766
71.14,767
58.62,768
63.02,769
69.11,77
49.15,770
49.15,771
36.28,772
58.62,773
52.19,774
43.06,775
49.15,776
49.82,777
49.15,778
50.16,779
71.14,78
39.67,780
62.68,781
59.64,782
46.1,783
61.67,784
63.7,785
50.16,786
48.13,787
52.19,788
53.21,789
57.61,79
69.11,790
49.15,791
50.16,792
50.5,793
63.02,794
52.19,795
42.72,796
50.16,797
41.03,798
45.09,799
79.6,8
43.06,80
51.18,800
51.18,801
55.24,802
52.53,803
53.21,804
41.7,805
58.96,806
49.15,807
51.18,808
49.15,809
43.06,81
50.16,810
58.62,811
41.7,812
66.74,813
41.7,814
58.62,815
50.16,816
60.65,817
46.1,818
60.65,819
52.53,82
57.61,820
62.68,821
59.64,822
62.68,823
76.22,824
51.18,825
65.73,826
66.74,827
62.68,828
52.19,829
47.79,83
38.66,830
52.19,831
62.68,832
42.72,833
62.68,834
49.15,835
58.62,836
62.68,837
40.69,838
59.64,839
59.64,84
61.67,840
62.68,841
51.18,842
62.68,843
57.61,844
46.1,845
61.67,846
51.18,847
62.68,848
62.68,849
76.22,85
42.72,850
62.68,851
62.68,852
73.17,853
46.1,854
51.18,855
60.65,856
62.68,857
62.68,858
56.59,859
63.02,86
51.18,860
61.67,861
55.58,862
62.68,863
50.16,864
62.68,865
49.15,866
58.62,867
65.73,868
62.68,869
81.63,87
62.68,870
55.24,871
57.61,872
62.68,873
60.65,874
53.21,875
62.68,876
60.65,877
62.68,878
58.62,879
67.08,88
54.22,880
50.16,881
69.11,882
64.71,883
63.7,884
62.68,885
50.16,886
56.59,887
70.13,888
50.16,889
54.22,89
62.68,890
60.65,891
48.13,892
62.68,893
62.68,894
52.19,895
43.73,896
50.16,897
49.15,898
62.68,899
83.66,9
58.62,90
50.16,900
57.61,901
63.7,902
59.64,903
42.72,904
62.68,905
43.06,906
59.64,907
70.13,908
62.68,909
61.67,91
55.24,910
60.65,911
66.74,912
42.72,913
59.64,914
30.54,915
41.7,916
61.67,917
44.75,918
40.01,919
63.7,92
54.56,920
55.24,921
53.21,922
50.16,923
59.64,924
39.67,925
53.55,926
49.49,927
38.66,928
64.71,929
48.13,93
52.53,930
71.14,931
55.24,932
54.56,933
49.15,934
32.22,935
47.46,936
48.13,937
68.1,938
68.1,939
51.52,94
30.2,940
52.19,941
50.16,942
64.71,943
53.21,944
68.1,945
84.68,946
67.08,947
54.56,948
48.13,949
70.13,95
61.67,950
64.71,951
47.12,952
66.07,953
73.17,954
65.05,955
85.69,956
54.56,957
46.1,958
63.02,959
68.1,96
52.53,960
65.05,961
41.03,962
71.48,963
65.73,964
56.59,965
52.19,966
52.19,967
54.56,968
53.55,969
68.1,97
50.5,970
69.11,971
,972
58.62,973
54.22,974
60.65,975
60.65,976
52.19,977
59.98,978
49.49,979
48.13,98
74.19,980
42.04,981
59.64,982
60.65,983
48.13,984
52.53,985
53.55,986
54.22,987
66.41,988
78.59,989
60.65,99
58.62,990
69.11,991
60.65,992
55.58,993
68.1,994
54.56,995
85.69,996
54.56,997
52.53,998
44.75,999
